1.000000000 -0.000000000 0.000000000 0.000000000 -0.000000000 1.000000000 0.000000000 0.000000000 0.000000000 0.000000000 1.000000000 0.000000004
0.999991298 -0.002527962 -0.003324150 -0.004947849 0.002520682 0.999994397 -0.002192465 0.006427673 0.003329674 0.002184067 0.999992073 0.669037819
0.999971032 -0.001213462 -0.007515573 -0.016056191 0.001186439 0.999992847 -0.003599095 0.013068117 0.007519886 0.003590074 0.999965310 1.365136981
0.999938488 -0.001102130 -0.011037921 -0.039574675 0.001044655 0.999985874 -0.005211431 0.023878686 0.011043509 0.005199580 0.999925494 2.067483902
0.999866903 -0.000423080 -0.016307484 -0.054467589 0.000327651 0.999982834 -0.005854067 0.035493553 0.016309677 0.005847945 0.999849916 2.830417156
0.999786735 -0.001334229 -0.020609347 -0.075849272 0.001208097 0.999980509 -0.006131348 0.041132744 0.020617126 0.006105142 0.999768794 3.577881813
0.999683201 0.000327230 -0.025167454 -0.104635134 -0.000519012 0.999970913 -0.007614074 0.051134564 0.025164228 0.007624724 0.999654233 4.336709976
0.999547184 0.002631817 -0.029975239 -0.139833570 -0.002876279 0.999962866 -0.008115279 0.052159898 0.029952766 0.008197821 0.999517858 5.109972477
0.999405801 0.003249070 -0.034315284 -0.174269959 -0.003471179 0.999973357 -0.006415029 0.056819335 0.034293536 0.006530332 0.999390483 5.897288799
0.999246657 0.002024998 -0.038754687 -0.211576819 -0.002174522 0.999990284 -0.003816459 0.062263634 0.038746588 0.003897858 0.999241412 6.702943802
0.999107122 0.001768274 -0.042211439 -0.246956289 -0.001808115 0.999997914 -0.000905696 0.064973786 0.042209741 0.000981211 0.999108315 7.521565437
0.998995423 0.003162654 -0.044701129 -0.294670165 -0.003237597 0.999993503 -0.001604237 0.070758596 0.044695757 0.001747349 0.998999119 8.337787628
0.998899639 0.002580362 -0.046827637 -0.345168710 -0.002675638 0.999994516 -0.001972027 0.080694661 0.046822287 0.002095151 0.998901010 9.164530754
0.998810112 -0.000025511 -0.048766971 -0.384390831 -0.000098815 0.999996781 -0.002546990 0.088237904 0.048766874 0.002548779 0.998806953 9.999646187
0.998713553 -0.000285665 -0.050705943 -0.429185390 0.000203878 0.999998629 -0.001618125 0.092864491 0.050706353 0.001605705 0.998712301 10.837598801
0.998644531 -0.001949426 -0.052010994 -0.480526805 0.001837511 0.999995828 -0.002199496 0.102209166 0.052015077 0.002100943 0.998644114 11.691097260
0.998530924 0.000258136 -0.054183312 -0.531952500 -0.000499135 0.999989927 -0.004434372 0.106137373 0.054181639 0.004454904 0.998521209 12.552729607
0.998452842 0.000834452 -0.055596646 -0.588936985 -0.001244446 0.999972224 -0.007340216 0.115617402 0.055588979 0.007398048 0.998426378 13.423569679
0.998347759 0.004924939 -0.057247911 -0.652698219 -0.005429748 0.999947727 -0.008665758 0.110302627 0.057202246 0.008962283 0.998322427 14.309497833
0.998274446 0.005798127 -0.058432639 -0.709914029 -0.006311315 0.999943137 -0.008601845 0.116241470 0.058379441 0.008955791 0.998254359 15.200579643
0.998187125 0.005063821 -0.059972920 -0.767176211 -0.005480851 0.999961913 -0.006791196 0.111742176 0.059936248 0.007107588 0.998176932 16.104505539
0.998128057 0.005484192 -0.060911350 -0.840029418 -0.005808182 0.999969900 -0.005143258 0.115768611 0.060881313 0.005487416 0.998129964 17.011674881
0.998074710 0.005385727 -0.061787728 -0.895172834 -0.005720002 0.999969840 -0.005234451 0.116326563 0.061757676 0.005577799 0.998075604 17.892332077
0.997976303 0.005171810 -0.063376151 -0.958894789 -0.005567527 0.999966025 -0.006068935 0.119770758 0.063342609 0.006409502 0.997971296 18.803638458
0.997917891 0.003818988 -0.064384192 -1.024264336 -0.004264042 0.999967933 -0.006776475 0.122007310 0.064356245 0.007036904 0.997902155 19.718162537
0.997880042 0.003977978 -0.064960420 -1.089242697 -0.004308777 0.999978483 -0.004953017 0.123870112 0.064939320 0.005222417 0.997875512 20.632400513
0.997875333 0.005322096 -0.064935505 -1.159859300 -0.005444394 0.999983788 -0.001706575 0.130420625 0.064925358 0.002056484 0.997887909 21.562007904
0.997930884 0.006095460 -0.064005151 -1.228496075 -0.005966218 0.999979794 0.002210149 0.132600114 0.064017318 -0.001823706 0.997947097 22.495590210
0.998035729 0.004563738 -0.062479701 -1.286402583 -0.004244185 0.999977231 0.005246297 0.137151435 0.062502235 -0.004970817 0.998032331 23.423887253
0.998127460 0.004758503 -0.060982071 -1.350355268 -0.004415848 0.999973714 0.005752477 0.152468726 0.061007850 -0.005472419 0.998122156 24.366586685
0.998206437 0.005312694 -0.059630051 -1.412548542 -0.005159747 0.999983013 0.002718608 0.162684500 0.059643485 -0.002406056 0.998216748 25.304691315
0.998260379 0.006394953 -0.058612302 -1.481185198 -0.006520425 0.999976814 -0.001949693 0.166083649 0.058598481 0.002328478 0.998278797 26.244464874
0.998335421 0.005520061 -0.057410434 -1.534450173 -0.005781126 0.999973655 -0.004382280 0.172210485 0.057384748 0.004706882 0.998340964 27.206724167
0.998365581 0.002743526 -0.057086259 -1.584647179 -0.002930726 0.999990523 -0.003195771 0.176700681 0.057076968 0.003357851 0.998364091 28.169134140
0.998389959 0.001370885 -0.056706674 -1.654082060 -0.001272401 0.999997556 0.001772810 0.182699859 0.056708977 -0.001697802 0.998389363 29.144710541
0.998357296 -0.001898407 -0.057263162 -1.711761475 0.002196873 0.999984324 0.005149682 0.187075853 0.057252496 -0.005267022 0.998345852 30.106037140
0.998254359 -0.009193598 -0.058341533 -1.764382243 0.009446930 0.999947190 0.004067887 0.200540453 0.058301043 -0.004611934 0.998288393 31.082012177
0.998138666 -0.011818460 -0.059829131 -1.824035764 0.011863788 0.999929488 0.000402434 0.213106930 0.059820160 -0.001111485 0.998208523 32.069999695
0.998069525 -0.011499591 -0.061032582 -1.886020899 0.011332594 0.999930978 -0.003081663 0.211711049 0.061063815 0.002384056 0.998130977 33.026798248
0.997944832 -0.010161884 -0.063268386 -1.954429388 0.009938057 0.999943197 -0.003851443 0.219911680 0.063303933 0.003214763 0.997989118 34.007717133
0.997918785 -0.010953721 -0.063545823 -2.030420542 0.010834978 0.999938846 -0.002212914 0.223834455 0.063566171 0.001519791 0.997976482 34.999557495
0.997822046 -0.007385582 -0.065548003 -2.093515635 0.007428390 0.999972343 0.000409358 0.224283889 0.065543167 -0.000895382 0.997849345 36.012512207
0.997751117 -0.007025346 -0.066658698 -2.160047531 0.007146763 0.999973238 0.001583184 0.229524225 0.066645786 -0.002056018 0.997774661 37.005378723
0.997673512 -0.005861132 -0.067920171 -2.230952978 0.006145929 0.999973118 0.003984884 0.240504533 0.067895003 -0.004393046 0.997682750 38.003295898
0.997718096 -0.005815835 -0.067265481 -2.313478708 0.006329958 0.999952316 0.007432590 0.245717019 0.067219026 -0.007841418 0.997707427 39.010120392
0.997692227 -0.000040810 -0.067898512 -2.393307686 0.000702186 0.999952555 0.009716826 0.259711683 0.067894891 -0.009742078 0.997644901 39.988708496
0.997689426 -0.000148572 -0.067939438 -2.474835157 0.000756670 0.999959886 0.008924928 0.273077518 0.067935377 -0.008955715 0.997649491 40.979747772
0.997673571 -0.000523383 -0.068169668 -2.545130253 0.001029332 0.999972165 0.007386988 0.289947897 0.068163909 -0.007439972 0.997646332 42.007335663
0.997671068 0.001910971 -0.068182148 -2.629777431 -0.001572694 0.999986172 0.005014701 0.303346425 0.068190783 -0.004895791 0.997660220 43.006019592
0.997623920 0.001383695 -0.068880029 -2.706764460 -0.001034910 0.999986470 0.005099083 0.314313620 0.068886161 -0.005015683 0.997611880 43.984912872
0.997546256 -0.000799784 -0.070005223 -2.780508041 0.001243878 0.999979436 0.006300364 0.324914366 0.069998756 -0.006371982 0.997526765 44.994251251
0.997494400 -0.000432118 -0.070743941 -2.854986429 0.000965465 0.999971449 0.007505104 0.332541525 0.070738673 -0.007554599 0.997466385 45.977256775
0.997457266 0.002157477 -0.071233697 -2.936416626 -0.001884677 0.999990702 0.003896647 0.339874685 0.071241438 -0.003752487 0.997452080 46.958408356
0.997402191 0.002895015 -0.071975790 -3.018972874 -0.002918428 0.999995828 -0.000220117 0.344486117 0.071974844 0.000429601 0.997406363 47.924816132
0.997344494 0.003221894 -0.072757244 -3.086553574 -0.003340036 0.999993324 -0.001502175 0.357758045 0.072751909 0.001741199 0.997348547 48.890972137
0.997340262 0.002152097 -0.072854839 -3.163624287 -0.002001630 0.999995768 0.002138244 0.360499561 0.072859123 -0.001986729 0.997340322 49.875297546
0.997332036 -0.000048764 -0.072997861 -3.241143465 0.000417635 0.999987245 0.005037900 0.368537605 0.072996683 -0.005054945 0.997319341 50.851058960
0.997322619 -0.001888702 -0.073103644 -3.317808867 0.002332649 0.999979436 0.005987929 0.372762501 0.073090814 -0.006142422 0.997306406 51.813266754
0.997286201 -0.005745906 -0.073397569 -3.378237724 0.006105053 0.999970376 0.004669767 0.385099590 0.073368572 -0.005105189 0.997291803 52.758571625
0.997259498 -0.008437199 -0.073500440 -3.455208302 0.008711638 0.999956131 0.003414045 0.391390264 0.073468417 -0.004044998 0.997289360 53.716575623
0.997149169 -0.009804339 -0.074814893 -3.526957989 0.010164373 0.999938488 0.004433071 0.401654601 0.074766845 -0.005180881 0.997187495 54.672924042
0.997012556 -0.012751892 -0.076179542 -3.593097687 0.013460771 0.999870658 0.008799150 0.402284831 0.076057494 -0.009798299 0.997055233 55.622478485
0.996951342 -0.014224242 -0.076717742 -3.662792683 0.015340123 0.999784648 0.013975620 0.419201404 0.076502435 -0.015109873 0.996954918 56.570407867
0.996965826 -0.012152820 -0.076885618 -3.752432823 0.013401346 0.999786258 0.015743682 0.438554496 0.076677859 -0.016726281 0.996915579 57.517860413
0.996859670 -0.010793908 -0.078449696 -3.833235264 0.011764342 0.999859750 0.011918512 0.451548159 0.078310050 -0.012803990 0.996846855 58.449447632
0.996759772 -0.009339228 -0.079892315 -3.913561344 0.009728252 0.999942601 0.004481487 0.455754936 0.079845890 -0.005244175 0.996793389 59.361537933
0.996688008 -0.008121566 -0.080914274 -3.989584684 0.008118209 0.999966919 -0.000370457 0.464816213 0.080914602 -0.000287649 0.996720970 60.281261444
0.996666193 -0.002820933 -0.081539318 -4.080962658 0.002860031 0.999995828 0.000362680 0.469829261 0.081537947 -0.000594676 0.996669948 61.184997559
0.996525466 -0.000395961 -0.083289251 -4.164010525 0.000657075 0.999994934 0.003107607 0.469540715 0.083287589 -0.003151536 0.996520460 62.091861725
0.996451020 0.002507818 -0.084137261 -4.246524334 -0.002164798 0.999988973 0.004167893 0.473852992 0.084146790 -0.003970961 0.996445477 62.971008301
0.996356189 0.003082230 -0.085232906 -4.329071522 -0.002748611 0.999988139 0.004031271 0.479064435 0.085244320 -0.003782310 0.996352851 63.838977814
0.996219337 0.004597644 -0.086752191 -4.414328098 -0.004187243 0.999979138 0.004912114 0.483580172 0.086772986 -0.004530290 0.996217787 64.689735413
0.996082306 0.005444622 -0.088262722 -4.493399620 -0.004955320 0.999971092 0.005761860 0.485246092 0.088291556 -0.005301917 0.996080518 65.535797119
0.995967984 0.005252640 -0.089556366 -4.575050354 -0.004720761 0.999969900 0.006149829 0.490402699 0.089585990 -0.005702259 0.995962739 66.360221863
0.995855629 0.004966351 -0.090812333 -4.647007465 -0.004332998 0.999964893 0.007170126 0.495519340 0.090844765 -0.006746921 0.995842159 67.158157349
0.995704114 0.007431488 -0.092292652 -4.730459690 -0.006556689 0.999930680 0.009778135 0.506816864 0.092358917 -0.009130997 0.995683908 67.958442688
0.995575845 0.009392766 -0.093490340 -4.813305855 -0.008124832 0.999869883 0.013933587 0.513338685 0.093609042 -0.013112350 0.995522618 68.750755310
0.995386779 0.012595011 -0.095112517 -4.898598671 -0.011173349 0.999817908 0.015464982 0.525166690 0.095289968 -0.014330912 0.995346367 69.527145386
0.995236158 0.015081723 -0.096320085 -4.981078148 -0.014035181 0.999834895 0.011533595 0.528057814 0.096478134 -0.010126779 0.995283604 70.266403198
0.995084882 0.015315888 -0.097834326 -5.056945801 -0.014968948 0.999878764 0.004279254 0.532362103 0.097888023 -0.002793743 0.995193422 71.002113342
0.994931877 0.014534042 -0.099495180 -5.128849030 -0.014741179 0.999890447 -0.001346989 0.533277452 0.099464707 0.002806837 0.995037019 71.709014893
0.994890869 0.014882142 -0.099853881 -5.204887390 -0.015227044 0.999880433 -0.002692761 0.543016315 0.099801891 0.004199483 0.994998395 72.399711609
0.994763553 0.017826863 -0.100636780 -5.286217690 -0.017843895 0.999840498 0.000730976 0.545615613 0.100633778 0.001068603 0.994922996 73.064277649
0.994619906 0.018320076 -0.101959154 -5.363319874 -0.018096674 0.999831438 0.003115696 0.538785398 0.101999044 -0.001253811 0.994783700 73.744415283
0.994573355 0.015294756 -0.102907553 -5.431436539 -0.015388368 0.999881625 -0.000115801 0.539115012 0.102893606 0.001698752 0.994690895 74.380546570
0.994678378 0.006994158 -0.102791131 -5.488237381 -0.007584929 0.999956906 -0.005357570 0.537385345 0.102749236 0.006108722 0.994688451 74.995681763
0.994803369 0.002834141 -0.101775587 -5.545174599 -0.003896756 0.999939919 -0.010243502 0.541845024 0.101740427 0.010586864 0.994754672 75.592407227
0.995100796 0.005288742 -0.098724306 -5.606339931 -0.006347019 0.999925733 -0.010408543 0.535499036 0.098661922 0.010984154 0.995060384 76.171493530
0.995475769 0.010427572 -0.094442472 -5.669950962 -0.011148621 0.999912560 -0.007110385 0.529972911 0.094360083 0.008131120 0.995504856 76.738662720
0.995914340 0.008903611 -0.089862496 -5.721477032 -0.009330755 0.999947011 -0.004334334 0.534715533 0.089819171 0.005155112 0.995944679 77.303649902
0.996403396 0.005472285 -0.084559076 -5.756398678 -0.005516640 0.999984741 -0.000290913 0.536398768 0.084556185 0.000756350 0.996418357 77.856910706
0.997120023 0.001093107 -0.075832196 -5.798388481 -0.000824518 0.999993265 0.003573104 0.525746942 0.075835586 -0.003500287 0.997114122 78.393371582
0.997830868 0.004498929 -0.065674856 -5.821397305 -0.004281099 0.999984801 0.003457140 0.523219883 0.065689415 -0.003168479 0.997835159 78.895736694
0.998668551 0.010476794 -0.050509375 -5.850359917 -0.010332807 0.999941766 0.003110989 0.522303820 0.050539024 -0.002584944 0.998718798 79.392791748
0.999342680 0.015944438 -0.032557432 -5.862465858 -0.015834829 0.999867976 0.003621621 0.526839852 0.032610882 -0.003103698 0.999463320 79.883758545
0.999837101 0.014794109 -0.010351118 -5.858091354 -0.014749944 0.999881804 0.004330093 0.528829575 0.010413956 -0.004176709 0.999937057 80.367904663
0.999808371 0.011651812 0.015733965 -5.825543404 -0.011730325 0.999919057 0.004907183 0.534002364 -0.015675504 -0.005090806 0.999864221 80.839004517
0.998933792 0.011020746 0.044831619 -5.779737473 -0.011321987 0.999914944 0.006471004 0.532319844 -0.044756494 -0.006971688 0.998973608 81.293716431
0.996875465 0.010841111 0.078241691 -5.731390476 -0.011528935 0.999898672 0.008344696 0.527559817 -0.078143306 -0.009220665 0.996899486 81.741333008
0.993294179 0.010744157 0.115113944 -5.657090187 -0.011851538 0.999889791 0.008939755 0.524951577 -0.115005210 -0.010244087 0.993312061 82.142921448
0.987546682 0.011713625 0.156889215 -5.569100380 -0.013280464 0.999871850 0.008942332 0.527347505 -0.156764358 -0.010914536 0.987575710 82.569305420
0.979346454 0.011959136 0.201835409 -5.452724457 -0.014009238 0.999863744 0.008731829 0.528162718 -0.201703489 -0.011379049 0.979380548 82.987045288
0.967939377 0.014875238 0.250743210 -5.327190399 -0.016937099 0.999838114 0.006066970 0.530450940 -0.250612348 -0.010119322 0.968034625 83.382286072
0.952563882 0.016631836 0.303883940 -5.181243896 -0.018651793 0.999819040 0.003745496 0.520440102 -0.303766668 -0.009235807 0.952701628 83.756362915
0.932846844 0.017814813 0.359832168 -5.012798309 -0.019480014 0.999809742 0.001001715 0.524542451 -0.359745860 -0.007943985 0.933016479 84.120712280
0.909466863 0.018206231 0.415377527 -4.801822662 -0.019443313 0.999810219 -0.001251214 0.526802778 -0.415321469 -0.006938380 0.909648240 84.458480835
0.880430520 0.018476654 0.473814994 -4.606189728 -0.019458873 0.999806762 -0.002830002 0.515802741 -0.473775655 -0.006728285 0.880619884 84.756401062
0.846758723 0.018133722 0.531668007 -4.376655579 -0.018257566 0.999820769 -0.005023283 0.511581600 -0.531663835 -0.005453453 0.846938014 85.062728882
0.809669614 0.018741751 0.586586475 -4.123027802 -0.017896729 0.999813735 -0.007241593 0.513381839 -0.586612999 -0.004634681 0.809854150 85.356628418
0.769531846 0.018483618 0.638340831 -3.853488922 -0.018153226 0.999810278 -0.007066171 0.510696411 -0.638350248 -0.006150301 0.769721448 85.631134033
0.727290988 0.018961359 0.686067224 -3.563636780 -0.020438423 0.999773383 -0.005964983 0.513510585 -0.686024725 -0.009683853 0.727513790 85.874526978
0.682675600 0.018139327 0.730496287 -3.265010834 -0.019028446 0.999794126 -0.007043621 0.515879810 -0.730473757 -0.009091705 0.682880282 86.090202332
0.636060774 0.017458212 0.771441340 -2.938484192 -0.016313590 0.999824882 -0.009175966 0.515103459 -0.771466494 -0.006748504 0.636234283 86.309341431
0.589059711 0.015099127 0.807948351 -2.597713470 -0.010930315 0.999882817 -0.010716959 0.513617456 -0.808015585 -0.002518201 0.589155793 86.510421753
0.548579633 0.016542809 0.835934639 -2.249897003 -0.011333845 0.999859452 -0.012349018 0.508697629 -0.836021483 -0.002699934 0.548690021 86.596092224
0.502184153 0.019909782 0.864531517 -1.911651611 -0.015375264 0.999782503 -0.014093458 0.505766690 -0.864624083 -0.006214889 0.502380908 86.752342224
0.456872463 0.022146322 0.889256418 -1.570976257 -0.016450802 0.999729395 -0.016445663 0.498711348 -0.889379978 -0.007115409 0.457113087 86.893135071
0.414518088 0.020554038 0.909808934 -1.222667694 -0.009648147 0.999788046 -0.018191017 0.502963066 -0.909989953 -0.001237466 0.414628446 87.008224487
0.374214798 0.012680580 0.927255273 -0.858091354 0.004783896 0.999866784 -0.015604220 0.495126903 -0.927329719 0.010275225 0.374104261 87.116317749
0.338996977 0.009300127 0.940741539 -0.492786407 0.008728766 0.999876976 -0.013030157 0.494787395 -0.940746903 0.012628695 0.338874042 87.210189819
0.305793941 0.013416321 0.952003241 -0.121582031 0.006318135 0.999850035 -0.016120071 0.492585838 -0.952076733 0.010944304 0.305663168 87.315361023
0.275095612 0.021683102 0.961172283 0.257312775 -0.003508122 0.999761581 -0.021549581 0.489943087 -0.961410463 0.002556285 0.275106043 87.426063538
0.246985421 0.026208663 0.968664765 0.635471344 -0.008554143 0.999654114 -0.024866039 0.475860476 -0.968981445 -0.002144549 0.247124210 87.512062073
0.221266866 0.028021734 0.974810600 1.025609970 -0.007465623 0.999606371 -0.027039932 0.464333951 -0.975184679 -0.001294529 0.221388996 87.582145691
0.197707102 0.029467134 0.979818165 1.431509018 -0.000025878 0.999548137 -0.030055281 0.456795335 -0.980261147 0.005916785 0.197618529 87.643936157
0.178068653 0.035302382 0.983384609 1.846665382 0.007154435 0.999283373 -0.037168637 0.459337234 -0.983992100 0.013654131 0.177688450 87.688743591
0.157916039 0.042514674 0.986536801 2.265667915 0.009173983 0.998966396 -0.044518813 0.465967715 -0.987409890 0.016080707 0.157362789 87.748657227
0.140934363 0.043092888 0.989080608 2.718513489 0.008490633 0.998962879 -0.044733278 0.461538553 -0.989982545 0.014702376 0.140422300 87.810859680
0.125452012 0.038918164 0.991335988 3.177515030 0.006179349 0.999180257 -0.040008098 0.441013992 -0.992080450 0.011144909 0.125108659 87.865852356
0.111307666 0.035380941 0.993155956 3.648717880 0.005933322 0.999324560 -0.036265679 0.419666290 -0.993768334 0.009929362 0.111022547 87.911193848
0.097843409 0.033391617 0.994641423 4.128067970 0.008507013 0.999372303 -0.034387283 0.410156429 -0.995165527 0.011825996 0.097497918 87.949523926
0.086318254 0.032458991 0.995738804 4.629152775 0.012884169 0.999349058 -0.033693593 0.400893211 -0.996184289 0.015737636 0.085843876 87.981842041
0.076209605 0.033063013 0.996543467 5.143529415 0.015958361 0.999281585 -0.034374256 0.389072359 -0.996964157 0.018522849 0.075627230 88.013786316
0.068247363 0.033717677 0.997098446 5.670837402 0.018287420 0.999218583 -0.035041064 0.377653003 -0.997500777 0.020625824 0.067577407 88.046829224
0.062695861 0.033901118 0.997456789 6.219342709 0.019635562 0.999187529 -0.035194162 0.362821221 -0.997839510 0.021792151 0.061979264 88.077758789
0.057463981 0.034986269 0.997734368 6.787432671 0.021506233 0.999110520 -0.036273170 0.356135398 -0.998115897 0.023541911 0.056660444 88.100631714
0.051908847 0.035674211 0.998014510 7.363024712 0.022066437 0.999076843 -0.036859911 0.343780965 -0.998407900 0.023935977 0.051073726 88.122940063
0.047130987 0.035445251 0.998259604 7.968610764 0.024478262 0.999029219 -0.036628261 0.325907588 -0.998588741 0.026161991 0.046217583 88.155143738
0.044257455 0.035548884 0.998387516 8.596277237 0.025807947 0.998992443 -0.036714476 0.312257737 -0.998686671 0.027391221 0.043295428 88.180305481
0.041193500 0.035032701 0.998536885 9.237430573 0.026741780 0.998988450 -0.036151752 0.297590971 -0.998793244 0.028191868 0.040214993 88.205886841
0.038760219 0.034355305 0.998657703 9.892177582 0.028717147 0.998957694 -0.035480198 0.280634373 -0.998835802 0.030053822 0.037733238 88.232933044
0.038275346 0.033923946 0.998691142 10.571432114 0.033419825 0.998821020 -0.035209194 0.265289485 -0.998708248 0.034723729 0.037096489 88.253440857
0.039370570 0.033502977 0.998662889 11.268423080 0.036723848 0.998714030 -0.034952469 0.248953819 -0.998549640 0.038050842 0.038089585 88.278320312
0.041644711 0.033453315 0.998572171 11.965341568 0.038404915 0.998647213 -0.035057470 0.233983755 -0.998394072 0.039810043 0.040303599 88.305892944
0.045327742 0.033516645 0.998409629 12.691081047 0.040963545 0.998534083 -0.035380561 0.219095707 -0.998131990 0.042502131 0.043888323 88.343566895
0.049816675 0.032777797 0.998220325 13.429416656 0.041526709 0.998529017 -0.034860358 0.199313164 -0.997894764 0.043189429 0.048382245 88.381324768
0.053602964 0.031061254 0.998079121 14.196448326 0.042918146 0.998520732 -0.033379979 0.183792830 -0.997639596 0.044624973 0.052190583 88.431419373
0.057821050 0.029607711 0.997887731 14.959177971 0.042971537 0.998559892 -0.032117568 0.169000387 -0.997401714 0.044737842 0.056465492 88.467315674
0.061943982 0.027501032 0.997700572 15.741615295 0.039921742 0.998752058 -0.030008622 0.152777374 -0.997280896 0.041688804 0.060768791 88.526992798
0.065876745 0.026536813 0.997474790 16.535327911 0.039124172 0.998808861 -0.029156202 0.137433231 -0.997060478 0.040946089 0.064760052 88.592338562
0.069762044 0.027493943 0.997184634 17.345794678 0.036716938 0.998871922 -0.030109147 0.122249365 -0.996887684 0.038714044 0.068673857 88.669349670
0.073002219 0.031457312 0.996835589 18.136856079 0.034130838 0.998838186 -0.034020051 0.097728789 -0.996747553 0.036506385 0.071843743 88.720710754
0.074495628 0.036912214 0.996538043 18.937612534 0.028464019 0.998828828 -0.039124887 0.079112411 -0.996814966 0.031280108 0.073357709 88.792716980
0.074196562 0.040246185 0.996431172 19.738307953 0.025632393 0.998778164 -0.042249631 0.058558345 -0.996914148 0.028675698 0.073074311 88.863586426
0.074109510 0.039643858 0.996461928 20.552469254 0.023437817 0.998864293 -0.041482575 0.027016401 -0.996974647 0.026429145 0.073096178 88.941879272
0.074481323 0.038075514 0.996495247 21.397396088 0.020301305 0.999005795 -0.039688829 0.002801299 -0.997015715 0.023186231 0.073634312 89.007682800
0.074529298 0.036793772 0.996539772 22.222444534 0.021185927 0.999035001 -0.038470361 -0.023703694 -0.996993721 0.023979789 0.073677875 89.074165344
0.074281998 0.035597753 0.996601701 23.030786514 0.019049345 0.999129653 -0.037107896 -0.060166478 -0.997055352 0.021741057 0.073539235 89.151313782
0.074146524 0.036051054 0.996595502 23.855815887 0.017004794 0.999155343 -0.037408799 -0.089209795 -0.997102320 0.019720633 0.073470861 89.227005005
0.074735411 0.036214296 0.996545613 24.668029785 0.013921505 0.999205053 -0.037354972 -0.126689792 -0.997106194 0.016665151 0.074171841 89.290382385
0.073374875 0.038436312 0.996563435 25.479284286 0.011639772 0.999156058 -0.039393302 -0.141163826 -0.997236490 0.014490252 0.072865538 89.363151550
0.070099443 0.038330525 0.996803284 26.294803619 0.008201594 0.999205470 -0.038999673 -0.166890383 -0.997506320 0.010909230 0.069729365 89.436569214
0.066386908 0.037026074 0.997106671 27.108165741 0.006013705 0.999278247 -0.037507102 -0.195248604 -0.997775793 0.008486286 0.066116311 89.498489380
0.060875323 0.034762092 0.997539937 27.928548813 0.003969952 0.999377012 -0.035068389 -0.221200287 -0.998137414 0.006094984 0.060699403 89.568557739
0.056141574 0.032527011 0.997892797 28.744321823 0.002115454 0.999463081 -0.032697212 -0.247402728 -0.998420537 0.003946669 0.056042619 89.595657349
0.048397370 0.032619402 0.998295307 29.548442841 0.001878785 0.999461830 -0.032748602 -0.271620810 -0.998826325 0.003460529 0.048310041 89.641426086
0.039868407 0.033376474 0.998647332 30.356945038 0.001541416 0.999438763 -0.033464462 -0.298690498 -0.999203742 0.002873506 0.039794575 89.675094604
0.029497063 0.033739872 0.998995304 31.155502319 0.000604930 0.999429405 -0.033772394 -0.327108145 -0.999564648 0.001600508 0.029459819 89.703201294
0.020063730 0.033235010 0.999246120 31.953355789 0.002950381 0.999440968 -0.033300728 -0.343178630 -0.999794364 0.003616294 0.019954458 89.715171814
0.009339992 0.031954754 0.999445677 32.752658844 0.001939396 0.999486804 -0.031974185 -0.370245516 -0.999954462 0.002236960 0.009273222 89.726905823
-0.001773579 0.031056963 0.999516010 33.540069580 0.003430728 0.999511838 -0.031050749 -0.394314826 -0.999992609 0.003373996 -0.001879266 89.725936890
-0.012903127 0.031756707 0.999412298 34.322792053 0.003074977 0.999492049 -0.031719539 -0.412121058 -0.999912024 0.002663888 -0.012994220 89.719352722
-0.024161138 0.032408308 0.999182642 35.104480743 0.003047378 0.999472082 -0.032344010 -0.433626533 -0.999703407 0.002263419 -0.024247142 89.704414368
-0.034572966 0.033097576 0.998853981 35.880790710 0.002234961 0.999451399 -0.033040017 -0.461740077 -0.999399662 0.001090108 -0.034627974 89.672737122
-0.044664826 0.034492683 0.998406291 36.651168823 0.003575251 0.999403000 -0.034367159 -0.481188774 -0.998995543 0.002034551 -0.044761468 89.643859863
-0.054254830 0.035122059 0.997909129 37.414314270 0.004371349 0.999379992 -0.034936156 -0.503179908 -0.998517573 0.002466754 -0.054374721 89.602661133
-0.063817278 0.035642698 0.997324884 38.174316406 0.004908332 0.999361157 -0.035401389 -0.527410507 -0.997949481 0.002635982 -0.063951448 89.553253174
-0.073228478 0.036168341 0.996659100 38.933708191 0.005717393 0.999340951 -0.035845589 -0.547275305 -0.997298777 0.003073375 -0.073386997 89.502464294
-0.081636585 0.035517432 0.996029079 39.669540405 0.006678923 0.999361873 -0.035088856 -0.571732998 -0.996639788 0.003787867 -0.081821702 89.439201355
-0.089190334 0.034402516 0.995420277 40.408348083 0.008524424 0.999392986 -0.033776030 -0.595172644 -0.995978177 0.005472891 -0.089429453 89.377655029
-0.094408266 0.032834981 0.994991899 41.128810883 0.011580304 0.999424458 -0.031882480 -0.618999720 -0.995466232 0.008512339 -0.094734162 89.304374695
-0.097795166 0.031145614 0.994719088 41.868824005 0.014108975 0.999453247 -0.029906722 -0.640215874 -0.995106518 0.011109739 -0.098181129 89.226623535
-0.100691989 0.030027680 0.994464338 42.571075439 0.015799614 0.999466658 -0.028578971 -0.658926725 -0.994792044 0.012834481 -0.101112716 89.159606934
-0.102453902 0.028968899 0.994315863 43.256160736 0.015880166 0.999496162 -0.027483540 -0.681773663 -0.994610906 0.012974107 -0.102862321 89.090736389
-0.103136420 0.029583476 0.994227111 43.937664032 0.016923774 0.999465108 -0.027983742 -0.695156574 -0.994523168 0.013939935 -0.103581913 89.022293091
-0.102173530 0.030590819 0.994296074 44.592193604 0.017656134 0.999425411 -0.028934289 -0.713842630 -0.994609892 0.014599107 -0.102654926 88.958801270
-0.099237323 0.032244131 0.994541228 45.222824097 0.018737707 0.999358177 -0.030530615 -0.732034087 -0.994887292 0.015605646 -0.099777803 88.899986267
-0.093952365 0.032332227 0.995051503 45.829090118 0.018766759 0.999352396 -0.030700028 -0.758090734 -0.995399773 0.015789550 -0.094498292 88.845497131
-0.086159296 0.033260576 0.995726049 46.453060150 0.018307835 0.999326587 -0.031796690 -0.777560353 -0.996113122 0.015490006 -0.086710215 88.795005798
-0.074821696 0.033181015 0.996644795 47.034866333 0.017356019 0.999338150 -0.031967707 -0.797657371 -0.997045875 0.014905906 -0.075348064 88.758453369
-0.061780524 0.033430662 0.997529864 47.596908569 0.016288424 0.999339581 -0.032482512 -0.818509579 -0.997956872 0.014241401 -0.062284239 88.742683411
-0.044460095 0.034344688 0.998420715 48.142642975 0.014653121 0.999323785 -0.033723235 -0.844973683 -0.998903692 0.013130642 -0.044933282 88.733406067
-0.023162432 0.036741409 0.999056399 48.663574219 0.012774589 0.999253690 -0.036452487 -0.865284920 -0.999650061 0.011918207 -0.023614518 88.736488342
0.001754567 0.040196318 0.999190271 49.209217072 0.011211937 0.999128103 -0.040213503 -0.882085800 -0.999935508 0.011273416 0.001302354 88.751762390
0.030014001 0.042012829 0.998666108 49.726604462 0.010268330 0.999050617 -0.042337608 -0.899950981 -0.999496758 0.011525353 0.029554103 88.786979675
0.063960917 0.041679353 0.997081697 50.232654572 0.008553208 0.999067903 -0.042311050 -0.914441586 -0.997915745 0.011234500 0.063544802 88.828201294
0.102324508 0.038787678 0.993994594 50.734584808 0.007632944 0.999179423 -0.039775770 -0.940912724 -0.994721770 0.011657136 0.101944476 88.894439697
0.144172251 0.034681927 0.988944650 51.234962463 0.004911959 0.999348283 -0.035762865 -0.962853670 -0.989540398 0.010013668 0.143907920 88.996009827
0.189158365 0.031233165 0.981449783 51.747314453 0.003020977 0.999470830 -0.032388907 -0.966777444 -0.981941938 0.009091568 0.188963890 89.120559692
0.237918437 0.027588312 0.970893204 52.226444244 -0.000874126 0.999602199 -0.028189886 -0.986471891 -0.971284807 0.005858209 0.237847924 89.265167236
0.289438248 0.025127083 0.956866801 52.713165283 -0.004866322 0.999681115 -0.024779379 -1.011817932 -0.957184315 0.002515679 0.289468199 89.434959412
0.344096035 0.024876194 0.938604832 53.168457031 -0.005389892 0.999684870 -0.024519065 -1.018018603 -0.938919008 0.003377934 0.344121635 89.635414124
0.402908295 0.024796646 0.914904356 53.618270874 -0.002662019 0.999660432 -0.025921481 -1.028941154 -0.915236413 0.008008485 0.402837485 89.846656799
0.461769462 0.028286284 0.886548758 54.034530640 -0.001785031 0.999518931 -0.030960966 -1.032195568 -0.886998117 0.012714311 0.461597800 90.102050781
0.518855393 0.030197164 0.854328454 54.396236420 0.000635154 0.999361992 -0.035709273 -1.055424452 -0.854861796 0.019070582 0.518505335 90.388168335
0.576911569 0.033901412 0.816102743 54.771251678 -0.002711501 0.999212205 -0.039591104 -1.061051607 -0.816802025 0.020627705 0.576549172 90.693801880
0.632806420 0.035900198 0.773477376 55.119209290 -0.006014588 0.999122381 -0.041452564 -1.074860096 -0.774286628 0.021579305 0.632466972 91.019851685
0.684280217 0.036661353 0.728297055 55.440696716 -0.007642937 0.999041080 -0.043109179 -1.081401587 -0.729179263 0.023932425 0.683904290 91.385238647
0.731976092 0.034656394 0.680448294 55.694831848 -0.007068555 0.999037981 -0.043278888 -1.080965519 -0.681293607 0.026869323 0.731516957 91.721824646
0.776603758 0.031485539 0.629202068 55.961082458 -0.009270381 0.999213398 -0.038558938 -1.086240768 -0.629921079 0.024112076 0.776284754 92.118072510
0.817840993 0.026529426 0.574832499 56.209041595 -0.009727573 0.999431312 -0.032285482 -1.085568905 -0.575362146 0.020812660 0.817633927 92.527458191
0.853884578 0.023532689 0.519930124 56.429496765 -0.011833103 0.999596834 -0.025809444 -1.092054248 -0.520327926 0.015885901 0.853818774 92.953773499
0.883885980 0.017058317 0.467391133 56.631721497 -0.010369554 0.999803722 -0.016879790 -1.113415956 -0.467587441 0.010073170 0.883889377 93.424079895
0.909133673 0.017431583 0.416139364 56.794036865 -0.013803351 0.999835968 -0.011725953 -1.117235184 -0.416275471 0.004916342 0.909225285 93.870674133
0.928668857 0.018245913 0.370460629 56.923160553 -0.016605442 0.999833107 -0.007617294 -1.129633904 -0.370537788 0.000922283 0.928816915 94.315780640
0.943312347 0.024201060 0.331022799 57.026000977 -0.023842331 0.999702454 -0.005144952 -1.136610270 -0.331048787 -0.003039060 0.943608701 94.750160217
0.954811156 0.027496718 0.295938432 57.129882812 -0.027057303 0.999618232 -0.005580910 -1.137091398 -0.295978934 -0.002678581 0.955190659 95.210205078
0.963793814 0.029155506 0.265049875 57.239570618 -0.028695613 0.999572456 -0.005607959 -1.130134106 -0.265100032 -0.002200851 0.964218378 95.680854797
0.969648659 0.023000550 0.243418664 57.345573425 -0.022254337 0.999735534 -0.005815390 -1.127542734 -0.243488029 0.000221763 0.969903886 96.142784119
0.973448217 0.019580595 0.228068337 57.445838928 -0.018946733 0.999808073 -0.004968598 -1.131614447 -0.228121832 0.000515522 0.973632455 96.626998901
0.976247132 0.023835799 0.215344608 57.535202026 -0.023188526 0.999715865 -0.005532003 -1.126446843 -0.215415299 0.000407077 0.976522446 97.125190735
0.978207469 0.028790696 0.205624059 57.623870850 -0.028358681 0.999585032 -0.005048421 -1.122455359 -0.205684111 -0.000892825 0.978618085 97.631225586
0.979289830 0.036110617 0.199216723 57.710781097 -0.035551149 0.999347389 -0.006385840 -1.116774082 -0.199317306 -0.000828796 0.979934692 98.144828796
0.979551613 0.042852893 0.196575969 57.793548584 -0.041808270 0.999080896 -0.009462722 -1.127709866 -0.196800768 0.001050723 0.980442941 98.666831970
0.979557335 0.045111414 0.196041435 57.895587921 -0.043618821 0.998977005 -0.011926694 -1.134426594 -0.196378917 0.003131786 0.980523050 99.187522888
0.979336798 0.041786700 0.197871700 58.016174316 -0.039416581 0.999096334 -0.015903395 -1.129240394 -0.198357373 0.007775355 0.980099022 99.710510254
0.978591979 0.040702436 0.201744825 58.132415771 -0.036886182 0.999062955 -0.022641338 -1.126733422 -0.202477321 0.014715037 0.979176342 100.261421204
0.977706790 0.040824261 0.205967695 58.249210358 -0.035955597 0.998979688 -0.027327463 -1.127918959 -0.206873134 0.019312557 0.978177071 100.819969177
0.976559043 0.045806907 0.210318536 58.361328125 -0.041105151 0.998798668 -0.026675051 -1.137554407 -0.211287752 0.017404588 0.977268875 101.403221130
0.975155473 0.049128912 0.216004819 58.484195709 -0.045197345 0.998710811 -0.023106601 -1.138770103 -0.216861516 0.012769684 0.976118803 102.004531860
0.974301755 0.045621071 0.220578223 58.625225067 -0.042707805 0.998926222 -0.017960941 -1.153385401 -0.221160784 0.008078965 0.975203931 102.598854065
0.973703980 0.041507293 0.224003732 58.775024414 -0.039716102 0.999132872 -0.012497897 -1.158345580 -0.224328265 0.003272697 0.974508166 103.215164185
0.972824275 0.039042231 0.228229180 58.918167114 -0.038288835 0.999236763 -0.007729619 -1.161975741 -0.228356764 -0.001219071 0.973576784 103.849487305
0.972329438 0.033978146 0.231129572 59.072227478 -0.033315144 0.999421954 -0.006771994 -1.167410970 -0.231226072 -0.001115506 0.972899437 104.478965759
0.972281277 0.030776510 0.231779650 59.222305298 -0.029172324 0.999520898 -0.010346306 -1.163211107 -0.231987029 0.003297969 0.972713292 105.133300781
0.972495377 0.029927323 0.230991513 59.387332916 -0.026694799 0.999497116 -0.017107598 -1.167589068 -0.231387347 0.010470789 0.972805381 105.790252686
0.972610950 0.032381747 0.230172262 59.539371490 -0.027657589 0.999335885 -0.023722090 -1.171308756 -0.230787590 0.016706351 0.972860694 106.441581726
0.973196328 0.035127155 0.227277130 59.691322327 -0.029552612 0.999174178 -0.027885117 -1.169703960 -0.228068978 0.020421054 0.973430812 107.122154236
0.973722219 0.033661537 0.225236684 59.841506958 -0.029162342 0.999303639 -0.023273606 -1.176884770 -0.225863293 0.016093601 0.974026084 107.823394775
0.974155366 0.029682005 0.223920092 60.004722595 -0.026821807 0.999515176 -0.015804771 -1.183936715 -0.224280685 0.009390355 0.974479318 108.539672852
0.974720478 0.030239329 0.221371889 60.166069031 -0.028795330 0.999537766 -0.009748101 -1.194736242 -0.221564338 0.003127198 0.975140631 109.270423889
0.974998951 0.033818975 0.219620764 60.316749573 -0.032305207 0.999423027 -0.010481365 -1.198392034 -0.219848543 0.003124424 0.975528955 110.001167297
0.975288272 0.039317928 0.217409283 60.465476990 -0.036907706 0.999204040 -0.015137223 -1.199983478 -0.217831388 0.006739077 0.975963056 110.736358643
0.976101756 0.040266287 0.213550538 60.623504639 -0.036730256 0.999114871 -0.020501791 -1.200211644 -0.214187026 0.012168072 0.976716876 111.485282898
0.977007508 0.038790263 0.209646478 60.782608032 -0.034579989 0.999120533 -0.023712514 -1.201431274 -0.210381910 0.015917733 0.977489710 112.248809814
0.977911413 0.036406226 0.205824450 60.941513062 -0.032568827 0.999227285 -0.022002613 -1.209458590 -0.206466436 0.014813150 0.978341579 113.026794434
0.978725135 0.033355523 0.202445865 61.098731995 -0.029931933 0.999352813 -0.019950010 -1.220276713 -0.202980250 0.013465985 0.979090273 113.813583374
0.979159653 0.031217480 0.200678572 61.262138367 -0.028399639 0.999453664 -0.016905874 -1.229861259 -0.201096728 0.010854351 0.979511201 114.595909119
0.979472399 0.027926045 0.199634612 61.419845581 -0.025481403 0.999565661 -0.014804956 -1.230427504 -0.199961349 0.009414076 0.979758501 115.400413513
0.979638159 0.023029683 0.199446857 61.584182739 -0.020718252 0.999691904 -0.013668820 -1.234721303 -0.199700162 0.009258308 0.979813278 116.201225281
0.979753792 0.023795854 0.198787227 61.741954803 -0.021783562 0.999687016 -0.012303973 -1.236386180 -0.199017793 0.007724571 0.979965389 117.022010803
0.979599118 0.028910022 0.198871344 61.903327942 -0.026678694 0.999547541 -0.013890970 -1.244930506 -0.199182928 0.008301957 0.979927123 117.841964722
0.979328752 0.034805167 0.199258223 62.059806824 -0.032028355 0.999339879 -0.017143106 -1.252590656 -0.199723348 0.010406824 0.979797065 118.661468506
0.978825033 0.043523092 0.200018287 62.211082458 -0.040570624 0.998999059 -0.018838173 -1.254074812 -0.200637966 0.010324409 0.979610980 119.490676880
0.977963150 0.049307331 0.202871233 62.372020721 -0.046565212 0.998748183 -0.018270405 -1.262765884 -0.203518137 0.008421039 0.979034901 120.335716248
0.977145791 0.052185286 0.206065223 62.526023865 -0.049854722 0.998620391 -0.016489753 -1.271770835 -0.206641465 0.005839569 0.978399277 121.162445068
0.976683617 0.052561279 0.208149746 62.708374023 -0.050104856 0.998598158 -0.017059853 -1.284469366 -0.208754644 0.006232768 0.977948189 122.002845764
0.976296961 0.051203940 0.210291073 62.878875732 -0.048053060 0.998643160 -0.020069335 -1.287737727 -0.211033374 0.009488503 0.977432847 122.838188171
0.976302862 0.044860143 0.211708218 63.064224243 -0.041827358 0.998948216 -0.018784281 -1.296515942 -0.212328225 0.009483953 0.977152407 123.690856934
0.976529658 0.038425405 0.211927712 63.254524231 -0.034954935 0.999186695 -0.020099433 -1.315806627 -0.212527692 0.012219775 0.977078617 124.512710571
0.976221561 0.037894089 0.213437632 63.420978546 -0.034424357 0.999208093 -0.019950910 -1.329873681 -0.214024663 0.012129054 0.976752937 125.364212036
0.975849986 0.039730381 0.214797959 63.613380432 -0.036896080 0.999171257 -0.017190145 -1.337721109 -0.215302929 0.008849802 0.976507246 126.192802429
0.975441098 0.041852225 0.216247886 63.784626007 -0.040282164 0.999120235 -0.011665000 -1.344208002 -0.216545865 0.002667588 0.976268828 127.037223816
0.975033104 0.045781601 0.217289090 63.952873230 -0.045250062 0.998948157 -0.007423911 -1.354546905 -0.217400432 -0.002593783 0.976079166 127.872253418
0.974827290 0.045100756 0.218352214 64.130622864 -0.043147385 0.998974621 -0.013708422 -1.367051840 -0.218746573 0.003942018 0.975773871 128.706939697
0.974963129 0.040792689 0.218592823 64.306228638 -0.035489671 0.998974025 -0.028133210 -1.376836300 -0.219516143 0.019671056 0.975410521 129.521804810
0.975404024 0.037861597 0.217148364 64.511047363 -0.030560564 0.998852193 -0.036883719 -1.394791603 -0.218295604 0.029340353 0.975441515 130.312316895
