1.000000000 0.000000000 0.000000000 0.000000000 0.000000000 1.000000000 0.000000000 0.000000000 0.000000000 0.000000000 1.000000000 0.000000000
0.999998629 0.000770392 0.001452076 -0.006245522 -0.000763749 0.999989271 -0.004569593 -0.002412671 -0.001455581 0.004568478 0.999988496 0.963930905
0.999996722 -0.001430907 0.002136986 -0.002569827 0.001442307 0.999984682 -0.005343004 -0.000859626 -0.002129308 0.005346068 0.999983430 1.918600559
0.999993503 -0.002369822 0.002688434 -0.010374848 0.002373257 0.999996364 -0.001275616 -0.004302645 -0.002685400 0.001281988 0.999995589 2.851356268
0.999985874 -0.004901448 0.002068410 -0.007397296 0.004891214 0.999975920 0.004924821 -0.008060865 -0.002092499 -0.004914633 0.999985754 3.800276995
0.999964237 -0.008452865 0.000493011 -0.004159886 0.008450330 0.999952137 0.004939388 -0.004966596 -0.000534740 -0.004935044 0.999987721 4.738361835
0.999938488 -0.011089988 -0.000269452 -0.003980974 0.011090511 0.999936402 0.002026472 -0.001068202 0.000246961 -0.002029335 0.999997854 5.669934273
0.999929965 -0.011763844 -0.001292373 -0.006475181 0.011761741 0.999929547 -0.001624543 0.005116299 0.001311393 0.001609228 0.999997914 6.599169254
0.999934793 -0.011301299 -0.001652041 -0.015434296 0.011298349 0.999934494 -0.001783207 -0.002759289 0.001672086 0.001764425 0.999997020 7.522043705
0.999934018 -0.011153313 -0.002757249 -0.024502086 0.011153757 0.999937713 0.000145301 -0.002908762 0.002755457 -0.000176045 0.999996126 8.434853554
0.999938190 -0.010689580 -0.003066124 -0.035815619 0.010697821 0.999939084 0.002684443 0.003456920 0.003037242 -0.002717077 0.999991715 9.371822357
0.999930859 -0.010989774 -0.004190623 -0.041705005 0.011007998 0.999929845 0.004351322 0.004633401 0.004142510 -0.004397152 0.999981761 10.292958260
0.999915123 -0.012122404 -0.004779014 -0.046992958 0.012147133 0.999912798 0.005179877 0.005271748 0.004715804 -0.005237489 0.999975085 11.206939697
0.999906480 -0.012436843 -0.005706863 -0.054577686 0.012467028 0.999908328 0.005283869 0.007102843 0.005640625 -0.005354522 0.999969721 12.122495651
0.999899209 -0.012792110 -0.006164417 -0.068207741 0.012815114 0.999911010 0.003706750 0.012453515 0.006116450 -0.003785374 0.999974132 13.022445679
0.999886215 -0.013160398 -0.007369583 -0.078730762 0.013172892 0.999911845 0.001649334 0.019320043 0.007347228 -0.001746226 0.999971509 13.923549652
0.999853551 -0.014455422 -0.009159569 -0.086042531 0.014456612 0.999895394 0.000063984 0.027285129 0.009157686 -0.000196391 0.999958158 14.828634262
0.999843538 -0.014056742 -0.010733614 -0.104579926 0.014051519 0.999901056 -0.000561931 0.026354237 0.010740452 0.000411020 0.999942243 15.736898422
0.999839365 -0.013133523 -0.012193393 -0.119533293 0.013115307 0.999912620 -0.001572855 0.028183872 0.012212986 0.001412683 0.999924421 16.634449005
0.999831140 -0.012259856 -0.013689877 -0.137689367 0.012242724 0.999924183 -0.001334428 0.027937628 0.013705201 0.001166602 0.999905407 17.516538620
0.999802411 -0.012814171 -0.015207062 -0.156045705 0.012806491 0.999917865 -0.000602262 0.028942188 0.015213531 0.000407394 0.999884188 18.407842636
0.999779701 -0.012494760 -0.016872831 -0.173459888 0.012512710 0.999921203 0.000958614 0.026542107 0.016859526 -0.001169527 0.999857187 19.301383972
0.999760270 -0.012222548 -0.018169489 -0.196113661 0.012254690 0.999923527 0.001658628 0.026028782 0.018147830 -0.001880892 0.999833524 20.177995682
0.999720871 -0.012890870 -0.019797759 -0.211700514 0.012930072 0.999914706 0.001853404 0.022049597 0.019772178 -0.002108873 0.999802291 21.063005447
0.999684215 -0.012740637 -0.021655997 -0.233212009 0.012765042 0.999917984 0.000989054 0.027592966 0.021641623 -0.001265181 0.999765038 21.935068130
0.999653697 -0.012867902 -0.022952808 -0.254184484 0.012905247 0.999915659 0.001479676 0.028890353 0.022931829 -0.001775375 0.999735415 22.800209045
0.999641061 -0.012705569 -0.023587648 -0.282873809 0.012779974 0.999913871 0.003006236 0.035538718 0.023547418 -0.003306606 0.999717236 23.650609970
0.999608576 -0.013863695 -0.024300767 -0.305960536 0.014018305 0.999882460 0.006203591 0.033945620 0.024211904 -0.006541818 0.999685466 24.489242554
0.999574900 -0.014172595 -0.025479682 -0.323293418 0.014380919 0.999864519 0.008011544 0.036174014 0.025362685 -0.008374560 0.999643207 25.332845688
0.999583423 -0.013321853 -0.025603369 -0.357638687 0.013495413 0.999887109 0.006618003 0.039667517 0.025512310 -0.006960774 0.999650300 26.155479431
0.999588311 -0.011441860 -0.026311817 -0.382616341 0.011548986 0.999925613 0.003923024 0.042791881 0.026264975 -0.004225283 0.999646008 26.968675613
0.999572873 -0.011014181 -0.027070090 -0.408702135 0.011072538 0.999936759 0.002006798 0.049269978 0.027046273 -0.002305675 0.999631405 27.769756317
0.999568164 -0.009764641 -0.027716169 -0.439842820 0.009811790 0.999950588 0.001565709 0.053181320 0.027699513 -0.001836978 0.999614537 28.564987183
0.999521852 -0.010225833 -0.029180121 -0.461608380 0.010273114 0.999946117 0.001470724 0.047032982 0.029163513 -0.001769792 0.999573052 29.353765488
0.999446988 -0.010095294 -0.031681996 -0.486116141 0.010114257 0.999948859 0.000438383 0.048160225 0.031675950 -0.000758581 0.999497950 30.129625320
0.999403179 -0.009716230 -0.033149846 -0.520180166 0.009738502 0.999952435 0.000510436 0.048210129 0.033143308 -0.000832961 0.999450266 30.895942688
0.999333262 -0.010133112 -0.035076987 -0.544576883 0.010195067 0.999946773 0.001587869 0.049301308 0.035059024 -0.001944422 0.999383271 31.662141800
0.999246955 -0.010569892 -0.037334759 -0.573933482 0.010724546 0.999934793 0.003944545 0.051161744 0.037290614 -0.004341973 0.999294996 32.416713715
0.999185085 -0.009360534 -0.039262235 -0.605400205 0.009578124 0.999939799 0.005357542 0.054681957 0.039209712 -0.005729234 0.999214590 33.161285400
0.999123156 -0.008080425 -0.041077107 -0.639845848 0.008324942 0.999948621 0.005785029 0.049897358 0.041028250 -0.006121921 0.999139190 33.881107330
0.999069691 -0.005884101 -0.042719219 -0.682095289 0.006103918 0.999968886 0.005017020 0.050386108 0.042688362 -0.005273107 0.999074578 34.588169098
0.998992801 -0.003892205 -0.044700868 -0.719080508 0.004100846 0.999981165 0.004576734 0.052366816 0.044682205 -0.004755436 0.998989940 35.292469025
0.998902321 -0.003682924 -0.046696667 -0.741941929 0.003936953 0.999978065 0.005349177 0.058263361 0.046675935 -0.005527148 0.998894811 36.013874054
0.998864114 -0.001896670 -0.047610603 -0.788476110 0.002254902 0.999969602 0.007471640 0.059463337 0.047594979 -0.007570511 0.998838067 36.687461853
0.998875320 0.000951630 -0.047404088 -0.828982890 -0.000588948 0.999970436 0.007664235 0.066295266 0.047409978 -0.007627697 0.998846352 37.381999969
0.998899579 0.003255342 -0.046786260 -0.852797866 -0.002995546 0.999979734 0.005621838 0.067499503 0.046803616 -0.005475502 0.998889029 38.049793243
0.998974264 0.004933058 -0.045012347 -0.887194276 -0.004820819 0.999985039 0.002601743 0.070375673 0.045024507 -0.002382078 0.998983026 38.695968628
0.999062836 0.005243639 -0.042965434 -0.917584360 -0.005220282 0.999986291 0.000655788 0.077013247 0.042968273 -0.000430882 0.999076307 39.345783234
0.999198675 0.006396528 -0.039510913 -0.950364172 -0.006342630 0.999978721 0.001489317 0.078165337 0.039519601 -0.001237520 0.999218047 39.982955933
0.999256909 0.011118063 -0.036905866 -0.975151777 -0.010978845 0.999931812 0.003972773 0.080417283 0.036947515 -0.003564637 0.999310851 40.639118195
0.999334395 0.015265753 -0.033133462 -1.002201200 -0.015022229 0.999858320 0.007586369 0.080728590 0.033244576 -0.007083581 0.999422133 41.264087677
0.999373794 0.020413786 -0.028902676 -1.027300477 -0.020175464 0.999760211 0.008513454 0.085378170 0.029069543 -0.007924998 0.999545932 41.868976593
0.999436378 0.024075184 -0.023395885 -1.050608635 -0.023874501 0.999676049 0.008819632 0.089952469 0.023600644 -0.008256096 0.999687314 42.451774597
0.999454141 0.027977234 -0.017568968 -1.064567208 -0.027792063 0.999556482 0.010696995 0.093768328 0.017860452 -0.010202879 0.999788404 43.023628235
0.999395013 0.033002276 -0.010967752 -1.079440594 -0.032872517 0.999389827 0.011807487 0.095721453 0.011350733 -0.011439808 0.999870062 43.593036652
0.999327362 0.036439292 -0.004098263 -1.083788633 -0.036390394 0.999272227 0.011433209 0.099232316 0.004511898 -0.011276382 0.999926150 44.124980927
0.999196112 0.039917856 0.003693202 -1.092994213 -0.039958186 0.999134243 0.011579910 0.099281043 -0.003227761 -0.011718174 0.999926090 44.627525330
0.998984694 0.043796353 0.010559156 -1.081872463 -0.043913268 0.998973608 0.011106526 0.103936195 -0.010061893 -0.011558934 0.999882579 45.126869202
0.998691618 0.047752377 0.018289451 -1.078232765 -0.047909036 0.998817861 0.008225188 0.108963639 -0.017875059 -0.009090659 0.999798834 45.598400116
0.998382747 0.050274894 0.026538461 -1.073715806 -0.050436210 0.998712420 0.005444395 0.108059436 -0.026230572 -0.006774089 0.999632955 46.061988831
0.998131573 0.050642181 0.034188621 -1.055952787 -0.050842702 0.998694003 0.005021046 0.111773074 -0.033889692 -0.006749907 0.999402761 46.486701965
0.997863650 0.049719438 0.042379893 -1.033642769 -0.050037906 0.998726249 0.006486675 0.112178996 -0.042003401 -0.008593418 0.999080539 46.888042450
0.997394443 0.051762383 0.050248526 -1.011077642 -0.052183904 0.998612165 0.007112497 0.116198644 -0.049810633 -0.009716128 0.998711467 47.271152496
0.996739388 0.054859865 0.059169337 -0.997887611 -0.055403534 0.998435140 0.007586010 0.111210495 -0.058660578 -0.010839461 0.998219252 47.632221222
0.995925128 0.059807833 0.067500412 -0.968106270 -0.060394321 0.998152137 0.006679830 0.116972089 -0.066976190 -0.010729251 0.997696936 47.959934235
0.995024860 0.063521981 0.076749340 -0.950988293 -0.064244837 0.997909844 0.006983977 0.112946928 -0.076145269 -0.011879982 0.997026086 48.258186340
0.994301379 0.062727526 0.086198017 -0.921809196 -0.063619956 0.997944891 0.007642802 0.111335874 -0.085541449 -0.013083162 0.996248722 48.541793823
0.993416429 0.061482597 0.096662879 -0.881855011 -0.062325653 0.998039544 0.005723791 0.111580670 -0.096121445 -0.011710685 0.995300770 48.819561005
0.992270172 0.060093220 0.108574748 -0.849692822 -0.060600281 0.998161197 0.001373590 0.107473008 -0.108292542 -0.007942635 0.994087338 49.077060699
0.990668237 0.061179273 0.121794179 -0.807434559 -0.061297461 0.998115659 -0.002779820 0.109576270 -0.121734746 -0.004711793 0.992551506 49.342914581
0.988552272 0.062594712 0.137281507 -0.767594814 -0.062497634 0.998032391 -0.005021646 0.108432963 -0.137325734 -0.003615611 0.990519345 49.606815338
0.986056566 0.064568266 0.153373301 -0.716723442 -0.064372413 0.997906506 -0.006247839 0.104316562 -0.153455630 -0.003712286 0.988148570 49.857128143
0.983280301 0.064964443 0.170115948 -0.659667015 -0.064639635 0.997880876 -0.007453209 0.103720784 -0.170239642 -0.003667638 0.985395908 50.115859985
0.980031729 0.063786007 0.188332886 -0.601448059 -0.063261054 0.997958243 -0.008803202 0.104915053 -0.188509867 -0.003286720 0.982065856 50.366592407
0.976108134 0.063229620 0.207882002 -0.535457611 -0.062717043 0.997990131 -0.009062468 0.102252394 -0.208037198 -0.004191794 0.978111982 50.614860535
0.971614957 0.063383467 0.227918848 -0.460491180 -0.062747195 0.997978866 -0.010044212 0.095643312 -0.228094846 -0.004542159 0.973628283 50.851737976
0.966316700 0.065534785 0.248872072 -0.383333206 -0.064458691 0.997842252 -0.012479819 0.096094728 -0.249152958 -0.003982510 0.968455911 51.094722748
0.960134268 0.066639654 0.271480054 -0.298374176 -0.065128140 0.997770309 -0.014584195 0.091925621 -0.271846652 -0.003678203 0.962333620 51.322135925
0.952848554 0.068190947 0.295685053 -0.203214645 -0.066538736 0.997661054 -0.015658917 0.082672417 -0.296061248 -0.004753934 0.955157042 51.565856934
0.944306672 0.070990548 0.321318060 -0.105170250 -0.069351986 0.997454882 -0.016557824 0.076183498 -0.321675658 -0.006648382 0.946826577 51.803409576
0.934511006 0.072966740 0.348374873 0.004133224 -0.071306147 0.997299135 -0.017605396 0.067367494 -0.348718524 -0.008388839 0.937189877 52.037750244
0.923262835 0.073711470 0.377031147 0.124061584 -0.071837559 0.997234344 -0.019050609 0.061599255 -0.377392739 -0.009496284 0.926004589 52.279899597
0.910736680 0.071476765 0.406755030 0.267766953 -0.068823524 0.997404218 -0.021170244 0.052513719 -0.407212377 -0.008713798 0.913291872 52.515785217
0.895734310 0.069169842 0.439176202 0.410499573 -0.065303624 0.997578561 -0.023925859 0.045290709 -0.439767659 -0.007248586 0.898082197 52.742233276
0.878458381 0.068271384 0.472916305 0.566278458 -0.062412061 0.997655034 -0.028091427 0.034851670 -0.473725140 -0.004838530 0.880659401 52.964088440
0.858955443 0.070315823 0.507199287 0.730127335 -0.061992552 0.997520864 -0.033305727 0.029387116 -0.508283794 -0.002834449 0.861184835 53.184043884
0.837201476 0.072232276 0.542103469 0.918004990 -0.061487921 0.997386694 -0.037936885 0.021741390 -0.543426931 -0.001572003 0.839454949 53.411621094
0.812653601 0.074904323 0.577912927 1.112546921 -0.062345728 0.997188091 -0.041577592 0.011379004 -0.579402328 -0.002242233 0.815038562 53.635406494
0.785047650 0.079054199 0.614370108 1.323654175 -0.065567553 0.996855915 -0.044487838 -0.000418305 -0.615955532 -0.005357672 0.787762821 53.869644165
0.755087793 0.083533801 0.650280237 1.549385071 -0.069321938 0.996462405 -0.047508948 -0.013990998 -0.651948452 -0.009205265 0.758207381 54.098419189
0.721933722 0.084616669 0.686769068 1.805910110 -0.069027662 0.996351004 -0.050198108 -0.032108784 -0.688510776 -0.011166363 0.725140214 54.334625244
0.685352862 0.082224861 0.723554134 2.086063385 -0.065487817 0.996538162 -0.051216554 -0.051405430 -0.725260556 -0.012282575 0.688364923 54.555725098
0.646236002 0.080354892 0.758895338 2.376407623 -0.062332790 0.996676147 -0.052452706 -0.076668739 -0.760587692 -0.013407236 0.649096787 54.761756897
0.603749096 0.079519048 0.793198466 2.709159851 -0.060064670 0.996721745 -0.054203797 -0.099413037 -0.794908285 -0.014917711 0.606546164 54.978828430
0.557363868 0.079694375 0.826434791 3.071289062 -0.056777652 0.996711016 -0.057822410 -0.115256548 -0.828324676 -0.014694904 0.560055494 55.193382263
0.508522034 0.078347050 0.857477188 3.436534882 -0.053648271 0.996799827 -0.059261061 -0.142247915 -0.859376073 -0.015866609 0.511097968 55.385505676
0.460106671 0.076983131 0.884519935 3.873247147 -0.052047305 0.996859372 -0.059686668 -0.158687711 -0.886336803 -0.018574644 0.462668359 55.577865601
0.411098778 0.074637480 0.908530176 4.309526443 -0.051078811 0.996962726 -0.058789849 -0.179680943 -0.910158575 -0.022238201 0.413662583 55.736053467
0.360253394 0.074336901 0.929887950 4.764707565 -0.054318793 0.996800184 -0.058642037 -0.202819228 -0.931271791 -0.029384399 0.363138527 55.904312134
0.310449660 0.075132020 0.947616041 5.211662292 -0.053021431 0.996688366 -0.061652321 -0.222898960 -0.949109912 -0.031104023 0.313405126 56.030265808
0.263763845 0.071642436 0.961923063 5.694693565 -0.041529391 0.997156799 -0.062879018 -0.254104853 -0.963692904 -0.023362862 0.265989155 56.112583160
0.219805241 0.066081099 0.973303080 6.209378242 -0.028174907 0.997716963 -0.061375782 -0.277610242 -0.975136876 -0.013932003 0.221165195 56.185611725
0.177269891 0.064937085 0.982017577 6.740730286 -0.019624706 0.997855604 -0.062441822 -0.311371446 -0.983966589 -0.008202756 0.178164139 56.254829407
0.138755202 0.066406138 0.988097787 7.241095066 -0.016105758 0.997768641 -0.064794391 -0.333812177 -0.990195751 -0.006923506 0.139515087 56.297962189
0.106121108 0.067221344 0.992078543 7.783403873 -0.007409589 0.997738004 -0.066812240 -0.366731465 -0.994325519 -0.000260706 0.106379174 56.327007294
0.077210508 0.065233164 0.994878531 8.347772598 -0.000210490 0.997858286 -0.065412223 -0.405919105 -0.997014821 0.004841099 0.077058896 56.348201752
0.052345276 0.063680641 0.996596575 8.923172951 0.006549919 0.997921348 -0.064109333 -0.438273430 -0.998607635 0.009883448 0.051819362 56.362510681
0.032455694 0.062926292 0.997490287 9.478651047 0.011673268 0.997924149 -0.063333496 -0.459596455 -0.999405026 0.013699502 0.031653766 56.353038788
0.016668210 0.064818695 0.997757733 10.068492889 0.014565287 0.997774780 -0.065063126 -0.485821664 -0.999754965 0.015617114 0.015687020 56.351387024
0.003174860 0.064559661 0.997908711 10.653017044 0.014881228 0.997800291 -0.064599991 -0.521302104 -0.999884188 0.015055204 0.002207147 56.343452454
-0.008042268 0.065426968 0.997824967 11.261272430 0.016134098 0.997735858 -0.065291092 -0.556831539 -0.999837518 0.015573916 -0.009079669 56.325862885
-0.017355325 0.068319507 0.997512519 11.908685684 0.021014769 0.997467279 -0.067950800 -0.592981219 -0.999628484 0.019783186 -0.018747089 56.316371918
-0.023766983 0.069974311 0.997265637 12.531573296 0.025009798 0.997276783 -0.069379061 -0.631084383 -0.999404669 0.023292482 -0.025452303 56.287281036
-0.028383618 0.069490410 0.997178733 13.188947678 0.025246851 0.997312248 -0.068781085 -0.666714549 -0.999278188 0.023223367 -0.030061744 56.273757935
-0.032140337 0.066981427 0.997236431 13.850308418 0.023011258 0.997537076 -0.066259965 -0.694941878 -0.999218464 0.020818047 -0.033602502 56.254417419
-0.034658890 0.060032390 0.997594535 14.540061951 0.021156119 0.998014629 -0.059322655 -0.736888349 -0.999175191 0.019049173 -0.035860132 56.236251831
-0.035991650 0.054582514 0.997860432 15.227325439 0.022554772 0.998297334 -0.053792894 -0.769586384 -0.999097466 0.020570418 -0.037161466 56.210651398
-0.036395993 0.051659554 0.998001337 15.911693573 0.024728194 0.998403728 -0.050778583 -0.806443810 -0.999031425 0.022830633 -0.037615348 56.183696747
-0.036540914 0.054042052 0.997869790 16.614183426 0.028109195 0.998197079 -0.053030454 -0.844036102 -0.998936713 0.026111532 -0.037994124 56.160388947
-0.035193961 0.061746050 0.997471154 17.324861526 0.029102903 0.997729540 -0.060735200 -0.869901836 -0.998956621 0.026891794 -0.036911048 56.128532410
-0.033500068 0.069595680 0.997012615 18.037149429 0.030096970 0.997190475 -0.068596825 -0.910768986 -0.998985469 0.027709063 -0.035500556 56.108951569
-0.031557489 0.070272066 0.997028470 18.757953644 0.031033469 0.997113347 -0.069295771 -0.945511103 -0.999020040 0.028754458 -0.033647176 56.092643738
-0.029331222 0.065813646 0.997400701 19.494699478 0.030124582 0.997434974 -0.064930022 -0.988897920 -0.999115765 0.028141802 -0.031238591 56.071559906
-0.026731554 0.059493929 0.997870684 20.236503601 0.029674621 0.997834623 -0.058696851 -1.030933142 -0.999202132 0.028042378 -0.028439134 56.053001404
-0.023647174 0.057995088 0.998036742 20.984935760 0.028395975 0.997952104 -0.057317358 -1.071388841 -0.999317050 0.026984837 -0.025245573 56.039299011
-0.020469038 0.062905543 0.997809529 21.744520187 0.035458039 0.997436464 -0.062154640 -1.129871011 -0.999161541 0.034108125 -0.022647068 56.016342163
-0.017507488 0.068476342 0.997499108 22.479047775 0.037145477 0.997007847 -0.067790657 -1.169569254 -0.999156535 0.035865739 -0.019998692 56.004890442
-0.015034165 0.069155216 0.997492492 23.219648361 0.030914120 0.997160614 -0.068666250 -1.210274220 -0.999408960 0.029804265 -0.017129347 56.007946014
-0.011736122 0.065582663 0.997778118 23.982677460 0.026687073 0.997511983 -0.065251261 -1.253436446 -0.999574959 0.025861982 -0.013457130 56.011150360
-0.006952793 0.061884381 0.998059034 24.724742889 0.030977776 0.997617543 -0.061641205 -1.302680850 -0.999495864 0.030489078 -0.008853268 55.995223999
-0.003048526 0.062952787 0.998011827 25.468494415 0.035512879 0.997393727 -0.062805325 -1.348815560 -0.999364495 0.035250813 -0.005276216 55.983509064
-0.000771707 0.067186922 0.997740030 26.201631546 0.035238005 0.997122586 -0.067118086 -1.396356225 -0.999378562 0.035106577 -0.003137020 55.992961884
0.003578791 0.067951381 0.997682154 26.961561203 0.031534586 0.997184694 -0.068030626 -1.440704346 -0.999496102 0.031704970 0.001425897 55.994804382
0.006784405 0.067240417 0.997713745 27.721879959 0.030962503 0.997244120 -0.067419313 -1.494883060 -0.999497533 0.031349108 0.004683777 56.014301300
0.010404615 0.064401351 0.997869849 28.462106705 0.034777656 0.997296870 -0.064726993 -1.538892388 -0.999340832 0.035377033 0.008136760 56.018951416
0.014226982 0.064863957 0.997792661 29.206472397 0.039448578 0.997080386 -0.065380134 -1.587411284 -0.999120355 0.040291663 0.011626654 56.023872375
0.017653268 0.065597661 0.997689962 29.954080582 0.042137381 0.996910155 -0.066291973 -1.633274078 -0.998955846 0.043210313 0.014834610 56.038825989
0.020525731 0.065542534 0.997638583 30.725330353 0.042852689 0.996874213 -0.066373967 -1.681015730 -0.998870552 0.044113878 0.017652897 56.046195984
0.024143867 0.064170331 0.997646868 31.478666306 0.044219561 0.996892571 -0.065191947 -1.724994659 -0.998730004 0.045689486 0.021231258 56.066223145
0.027626365 0.063140623 0.997622192 32.223743439 0.046212316 0.996855497 -0.064371817 -1.771486521 -0.998549521 0.047880791 0.024621619 56.086650848
0.030544907 0.063485652 0.997515142 32.982437134 0.044725228 0.996894479 -0.064815670 -1.816197634 -0.998532355 0.046593878 0.027610635 56.109859467
0.033396915 0.065300323 0.997306585 33.754024506 0.041522890 0.996911108 -0.066664897 -1.862529755 -0.998579323 0.043637455 0.030582296 56.151588440
0.036047298 0.065621287 0.997193277 34.520797729 0.043024920 0.996814668 -0.067151688 -1.904700279 -0.998423457 0.045324791 0.033109117 56.177307129
0.039023384 0.066052757 0.997052789 35.280475616 0.040758695 0.996877134 -0.067636363 -1.941074371 -0.998406649 0.043277975 0.036209293 56.210090637
0.041438669 0.066131935 0.996949971 36.049194336 0.039181285 0.996932089 -0.067759328 -1.990889311 -0.998372436 0.041869644 0.038720395 56.247486115
0.044075537 0.065733284 0.996863306 36.806941986 0.036486216 0.997061372 -0.067359552 -2.045855999 -0.998361647 0.039340686 0.041547649 56.292507172
0.047210656 0.067412801 0.996607602 37.567821503 0.035431087 0.996979237 -0.069116361 -2.093524694 -0.998256207 0.038573921 0.044679537 56.331275940
0.050220046 0.071806900 0.996153474 38.348979950 0.033592023 0.996726155 -0.073541686 -2.135590553 -0.998173058 0.037156068 0.047643498 56.374279022
0.054129988 0.074060470 0.995783627 39.121326447 0.033844292 0.996536613 -0.075956210 -2.185975075 -0.997960091 0.037813105 0.051435988 56.411983490
0.057254046 0.075763084 0.995480716 39.888164520 0.028034452 0.996601105 -0.077460721 -2.242082119 -0.997965932 0.032342695 0.054935470 56.462764740
0.059197091 0.075659245 0.995374978 40.667282104 0.023920676 0.996729851 -0.077184841 -2.290753365 -0.997959614 0.028379159 0.057193689 56.531173706
0.062994204 0.075529039 0.995151758 41.429347992 0.027116353 0.996634424 -0.077358082 -2.347793102 -0.997645497 0.031857993 0.060734127 56.580974579
0.066510335 0.076910354 0.994817138 42.222202301 0.024559833 0.996596575 -0.078689918 -2.412546158 -0.997483373 0.029666234 0.064395070 56.635440826
0.070114933 0.078239001 0.994466007 43.005542755 0.020995269 0.996582925 -0.079885826 -2.462641239 -0.997317910 0.026480271 0.068232685 56.704742432
0.074229859 0.076012149 0.994340003 43.798351288 0.020008551 0.996776581 -0.077692099 -2.519029856 -0.997040391 0.025662374 0.072469689 56.769115448
0.078530274 0.076063789 0.994005740 44.602653503 0.019509066 0.996776760 -0.077817142 -2.585050821 -0.996720910 0.025503125 0.076793231 56.849407196
0.083862409 0.079269022 0.993319452 45.388702393 0.016254947 0.996589422 -0.080902338 -2.645179033 -0.996344745 0.022931017 0.082287885 56.911262512
0.089760579 0.088241488 0.992046714 46.177551270 0.014095169 0.995855033 -0.089855596 -2.702587366 -0.995863616 0.022048553 0.088144749 56.992328644
0.097424351 0.092648908 0.990921080 46.977222443 0.013211815 0.995449364 -0.094371244 -2.767844915 -0.995155215 0.022285923 0.095756963 57.072898865
0.104907550 0.096277848 0.989810526 47.781410217 0.008059672 0.995187700 -0.097655103 -2.829565525 -0.994449317 0.018222304 0.103626743 57.168151855
0.111649804 0.093684308 0.989321768 48.599464417 0.005247360 0.995476842 -0.094859369 -2.906954288 -0.993733764 0.015782356 0.110653199 57.275405884
0.118837208 0.092391536 0.988605857 49.407794952 0.005077681 0.995591700 -0.093654811 -2.973356962 -0.992900729 0.016149500 0.117844209 57.385108948
0.126349911 0.089236125 0.987963736 50.234870911 0.004774914 0.995879352 -0.090561748 -3.037369728 -0.991974294 0.016159913 0.125403166 57.498706818
0.133965716 0.082829975 0.987518370 51.040042877 0.002765504 0.996465683 -0.083955616 -3.116524696 -0.990982175 0.013978159 0.133263171 57.610782623
0.141284645 0.076040655 0.987044334 51.853530884 0.000205822 0.997043312 -0.076840453 -3.169471264 -0.989969015 0.011059529 0.140851259 57.730285645
0.148429990 0.073171787 0.986212134 52.661598206 -0.001497072 0.997274458 -0.073767222 -3.250306368 -0.988921762 0.009472839 0.148134962 57.859069824
0.155551359 0.074660547 0.985002339 53.462947845 -0.001568823 0.997157156 -0.075334102 -3.313275814 -0.987826586 0.010173027 0.155226290 57.994411469
0.161249831 0.081331469 0.983556628 54.244132996 -0.000779158 0.996608794 -0.082283005 -3.369262218 -0.986913264 0.012501776 0.160766348 58.126865387
0.167084262 0.085228324 0.982251942 55.021053314 -0.002179729 0.996286273 -0.086075284 -3.421843290 -0.985940218 0.012240780 0.166649505 58.252429962
0.172008678 0.087932378 0.981163025 55.792755127 -0.003067987 0.996051073 -0.088728815 -3.488925695 -0.985090673 0.012251931 0.171599194 58.401069641
0.176965073 0.087600790 0.980311036 56.588317871 -0.006103489 0.996109664 -0.087910779 -3.560181379 -0.984198213 0.009573818 0.176811278 58.555034637
0.181942955 0.084536687 0.979668558 57.356258392 -0.002087428 0.996328533 -0.085586637 -3.625711441 -0.983306885 0.013526898 0.181451455 58.701400757
0.186473787 0.078228101 0.979340553 58.116310120 -0.001417835 0.996845365 -0.079356387 -3.680707455 -0.982458889 0.013409342 0.185996413 58.849300385
0.190228835 0.072103038 0.979088485 58.868446350 -0.002946368 0.997336745 -0.072874449 -3.737405062 -0.981735349 0.010978066 0.189934671 58.996986389
0.193163887 0.068568826 0.978767574 59.607624054 -0.006854633 0.997624993 -0.068537116 -3.798732519 -0.981142521 0.006529803 0.193175092 59.156021118
0.196624279 0.068358138 0.978093088 60.340492249 -0.007809814 0.997644126 -0.068154573 -3.852578402 -0.980447769 0.005762118 0.196694925 59.304363251
0.198721528 0.070418112 0.977522969 61.055114746 -0.009770327 0.997508109 -0.069871582 -3.902321339 -0.980007291 0.004334268 0.198914364 59.454895020
0.200550124 0.074775346 0.976825655 61.756111145 -0.014031234 0.997199893 -0.073454276 -3.955222607 -0.979582965 0.001025192 0.201037765 59.606758118
0.202322841 0.078734174 0.976148784 62.449386597 -0.014742677 0.996894896 -0.077351853 -4.006667137 -0.979207873 0.001258999 0.202855349 59.763790131
0.203836575 0.084045522 0.975390732 63.131568909 -0.015428806 0.996460259 -0.082636714 -4.062198639 -0.978883326 0.001795270 0.204411790 59.923149109
0.205416739 0.085913934 0.974896252 63.811462402 -0.014581403 0.996297479 -0.084727556 -4.116974354 -0.978565991 0.003189103 0.205908939 60.069351196
0.207216591 0.085983247 0.974509120 64.499298096 -0.016727792 0.996295869 -0.084348589 -4.170698166 -0.978152037 0.001177043 0.207887337 60.219890594
0.207400754 0.082906611 0.974736571 65.160835266 -0.016599393 0.996557057 -0.081230603 -4.226920128 -0.978115201 0.000667252 0.208062932 60.368213654
0.208033815 0.080614522 0.974793971 65.818084717 -0.016722869 0.996745408 -0.078860998 -4.280442715 -0.977978647 0.000104403 0.208704859 60.513374329
0.208212912 0.079216436 0.974870324 66.467361450 -0.015178444 0.996856511 -0.077761181 -4.328969002 -0.977965713 0.001393865 0.208760783 60.649818420
0.206353143 0.078354381 0.975335240 67.100158691 -0.015399225 0.996925235 -0.076830775 -4.380216599 -0.978356302 0.000834862 0.206925228 60.793601990
0.205278188 0.079286911 0.975486755 67.717681885 -0.017208600 0.996851444 -0.077402115 -4.437347412 -0.978552282 -0.000897802 0.205996290 60.918918610
0.202878237 0.082237154 0.975744545 68.326843262 -0.017966684 0.996612012 -0.080260247 -4.486605644 -0.979039073 -0.001247840 0.203668401 61.051898956
0.200947836 0.085742936 0.975842178 68.921676636 -0.015753867 0.996316075 -0.084297821 -4.538216591 -0.979475200 0.001566170 0.201558322 61.171104431
0.199048400 0.086350597 0.976177931 69.527359009 -0.013537054 0.996257603 -0.085366517 -4.586010933 -0.979896128 0.003777494 0.199472442 61.303352356
0.196952701 0.085737243 0.976656914 70.110916138 -0.013598212 0.996311963 -0.084720470 -4.623124123 -0.980318606 0.003405140 0.197392255 61.412475586
0.194487736 0.082944266 0.977391779 70.698318481 -0.014021669 0.996551752 -0.081780121 -4.670921803 -0.980804741 0.002200567 0.194980145 61.531677246
0.192365080 0.078615777 0.978169382 71.272041321 -0.013356196 0.996903241 -0.077494822 -4.723153114 -0.981232643 0.001842679 0.192819387 61.648326874
0.190589756 0.077490129 0.978606582 71.835144043 -0.010025863 0.996981263 -0.076992512 -4.775397301 -0.981618583 0.004862610 0.190791339 61.753181458
0.189072981 0.079229906 0.978761494 72.386772156 -0.005994753 0.996814191 -0.079533219 -4.813272476 -0.981944680 0.009170147 0.188945651 61.852138519
0.186687872 0.081113838 0.979065001 72.938125610 -0.001746270 0.996611476 -0.082234547 -4.855580330 -0.982417703 0.013642483 0.186196968 61.954925537
0.184727997 0.083141670 0.979266584 73.481399536 -0.002503127 0.996451855 -0.084128529 -4.895766735 -0.982786536 0.013089666 0.184280664 62.058303833
0.183124676 0.085840993 0.979334772 74.021911621 -0.002961620 0.996224284 -0.086767584 -4.938129902 -0.983085215 0.012988871 0.182687446 62.163993835
0.182371899 0.083867311 0.979646266 74.574043274 -0.000922168 0.996369720 -0.085127331 -4.990625381 -0.983229160 0.014621435 0.181787163 62.259777069
0.183367431 0.082603775 0.979567766 75.120582581 0.004655053 0.996379256 -0.084892832 -5.030360222 -0.983033478 0.020126518 0.182318971 62.350334167
0.185604617 0.080739446 0.979301751 75.669799805 0.010161345 0.996407568 -0.084075592 -5.069655418 -0.982571959 0.025555843 0.184117407 62.443782806
0.187665954 0.079841860 0.978982449 76.221160889 0.012916569 0.996403992 -0.083738729 -5.115871906 -0.982147992 0.028360002 0.185959831 62.547042847
0.190913945 0.079584025 0.978375256 76.777801514 0.010424104 0.996487379 -0.083091423 -5.160043716 -0.981551409 0.026061995 0.189413726 62.663429260
0.196318731 0.080157332 0.977258325 77.331527710 0.009216947 0.996458173 -0.083583713 -5.205055237 -0.980496824 0.025416389 0.194884628 62.783325195
0.202526361 0.079386264 0.976053715 77.897445679 0.010337024 0.996479928 -0.083192490 -5.244226933 -0.979222298 0.026938166 0.200992823 62.914272308
0.210623369 0.079814859 0.974303544 78.467269897 0.008368027 0.996477604 -0.083440349 -5.284648895 -0.977531493 0.025727484 0.209213614 63.033618927
0.218880907 0.077764332 0.972647905 79.034164429 0.008715204 0.996623576 -0.081642456 -5.328130245 -0.975712657 0.026346797 0.217464119 63.180282593
0.227285489 0.077435739 0.970744550 79.599304199 0.004926532 0.996729255 -0.080661997 -5.373222351 -0.973815680 0.023115708 0.226160631 63.313068390
0.236908987 0.077010877 0.968474805 80.178970337 0.003851100 0.996771097 -0.080202982 -5.418859482 -0.971524239 0.022730505 0.235847473 63.462402344
0.246652111 0.080906652 0.965720892 80.768974304 -0.001655958 0.996542633 -0.083065897 -5.463400841 -0.969102621 0.018889189 0.245933354 63.629470825
0.255673081 0.082969248 0.963196337 81.369155884 -0.004907682 0.996408999 -0.084527463 -5.508844376 -0.966750801 0.016884334 0.255162179 63.812107086
0.266811639 0.085593708 0.959940135 81.960800171 -0.008886232 0.996224463 -0.086359121 -5.553383827 -0.963707745 0.014511362 0.266564876 63.982997894
0.277038813 0.087730713 0.956845164 82.574905396 -0.010434780 0.996038914 -0.088303074 -5.602212906 -0.960802078 0.014478907 0.276856869 64.175590515
0.286783099 0.088600755 0.953889608 83.196022034 -0.013409309 0.995987654 -0.088479534 -5.650363922 -0.957901657 0.012583436 0.286820471 64.377357483
0.296908259 0.088914648 0.950757384 83.825843811 -0.014390873 0.995958984 -0.088647842 -5.703454971 -0.954797566 0.012638046 0.296988040 64.582061768
0.307252735 0.089999847 0.947362542 84.470802307 -0.018408757 0.995893538 -0.088639908 -5.747547626 -0.951449931 0.009795089 0.307647794 64.807189941
0.317552716 0.085526183 0.944375694 85.102729797 -0.018412100 0.996292472 -0.084036775 -5.790275097 -0.948061824 0.009298165 0.317950070 65.027732849
0.328321964 0.078064077 0.941334546 85.763298035 -0.014437627 0.996877313 -0.077634595 -5.843788147 -0.944455445 0.011898505 0.328423828 65.260498047
0.339328438 0.073915899 0.937759399 86.429656982 -0.012946337 0.997180581 -0.073914945 -5.891443253 -0.940578818 0.012940898 0.339328617 65.506484985
0.349632502 0.070733748 0.934212983 87.107749939 -0.013934570 0.997428119 -0.070305027 -5.939807892 -0.936783314 0.011563064 0.349718958 65.766571045
0.358989507 0.068019651 0.930859804 87.796218872 -0.007126897 0.997511506 -0.070141524 -5.981960297 -0.933314443 0.018545924 0.358580977 66.034042358
0.367787629 0.062824346 0.927785158 88.498413086 -0.000840818 0.997737229 -0.067227796 -6.020047665 -0.929909408 0.023945453 0.367008209 66.303253174
0.374698699 0.053975414 0.925574183 89.213088989 0.008188934 0.998072326 -0.061518312 -6.060607910 -0.927110434 0.030630296 0.373534381 66.584762573
0.381796628 0.048937608 0.922949791 89.927352905 0.014148000 0.998170912 -0.058778640 -6.104400158 -0.924138069 0.035499386 0.380405903 66.876007080
0.389156491 0.048831124 0.919876516 90.636039734 0.015962740 0.998086631 -0.059735946 -6.154765606 -0.921033442 0.037930377 0.387632370 67.178993225
0.396574050 0.055266574 0.916337609 91.352310181 0.018364362 0.997508764 -0.068109982 -6.192544460 -0.917819023 0.043838602 0.394571185 67.488433838
0.403708696 0.059634920 0.912941873 92.057861328 0.022350000 0.996932685 -0.075004652 -6.232808113 -0.914614558 0.050684277 0.401137531 67.796257019
0.408907115 0.061768238 0.910483122 92.764434814 0.020303831 0.996843994 -0.076745711 -6.285034657 -0.912350118 0.049868159 0.406362504 68.123680115
0.413644612 0.063068956 0.908251345 93.471679688 0.013315143 0.997071922 -0.075300783 -6.345266342 -0.910341084 0.043241255 0.411593616 68.453773499
0.417430311 0.067003921 0.906235337 94.158348083 0.006535672 0.997030675 -0.076727495 -6.400508881 -0.908685446 0.037951231 0.415752888 68.792205811
0.421592146 0.069714367 0.904101789 94.836074829 0.006042905 0.996802092 -0.079680294 -6.461524963 -0.906765401 0.039055988 0.419822663 69.114624023
0.425486445 0.074392870 0.901901960 95.503616333 0.002179515 0.996528327 -0.083226293 -6.518324852 -0.904962182 0.037377369 0.423847139 69.432571411
0.428966135 0.077066876 0.900027096 96.175842285 -0.000534661 0.996375501 -0.085062101 -6.577288628 -0.903320432 0.036007550 0.427452475 69.766250610
0.432844788 0.075728141 0.898282051 96.837814331 -0.001918575 0.996540427 -0.083087169 -6.636665344 -0.901466489 0.034240417 0.431492507 70.093650818
0.437125474 0.072342113 0.896486461 97.490867615 -0.000732776 0.996788263 -0.080078684 -6.698394775 -0.899400294 0.034347504 0.435774475 70.408340454
0.440517575 0.069708250 0.895033479 98.124366760 -0.000827871 0.997012019 -0.077243224 -6.748169899 -0.897743523 0.033286028 0.439258993 70.724464417
0.443801045 0.068780094 0.893481910 98.754348755 -0.002311632 0.997134626 -0.075611055 -6.812696457 -0.896122396 0.031490870 0.442688346 71.052902222
0.447217613 0.070573688 0.891636610 99.374938965 -0.004232050 0.997038007 -0.076793633 -6.862474918 -0.894415140 0.030570021 0.446191669 71.372444153
0.449961305 0.071282715 0.890198648 99.987373352 -0.003400181 0.996938765 -0.078111283 -6.913089752 -0.893041551 0.032120217 0.448826253 71.686920166
0.452074140 0.069086857 0.889300823 100.583541870 -0.001117563 0.997039020 -0.076888584 -6.966467857 -0.891979694 0.033765487 0.450812787 71.990043640
0.454052836 0.067910716 0.888382912 101.183578491 0.001028721 0.997050285 -0.076743364 -7.015825272 -0.890974104 0.035759438 0.452643633 72.290992737
0.455839723 0.067820787 0.887474179 101.766380310 -0.000607388 0.997116327 -0.075887650 -7.069474220 -0.890061677 0.034053564 0.454566330 72.597915649
0.457833648 0.067190558 0.886495233 102.343910217 0.000941869 0.997102797 -0.076060325 -7.117876053 -0.889037371 0.035657942 0.456443876 72.899383545
0.460686743 0.069272488 0.884855330 102.909141541 0.000158403 0.996943116 -0.078129947 -7.160794258 -0.887562811 0.036133595 0.459267497 73.189048767
0.463142097 0.068868227 0.883604288 103.461395264 0.003437813 0.996829331 -0.079494931 -7.213315964 -0.886277378 0.039855115 0.461436898 73.485908508
0.466486067 0.068230033 0.881893158 104.015388489 0.004957614 0.996803164 -0.079742737 -7.262290955 -0.884514630 0.041570965 0.464656502 73.773231506
0.469065130 0.066564903 0.880651414 104.553985596 0.007828318 0.996803105 -0.079513952 -7.315420151 -0.883128822 0.044191249 0.467044413 74.084648132
0.472700149 0.065822214 0.878761590 105.065330505 0.008608188 0.996814013 -0.079295225 -7.355907440 -0.881181300 0.045047406 0.470627576 74.329895020
0.476071894 0.065301254 0.876978457 105.585929871 0.010102035 0.996767342 -0.079704858 -7.398942471 -0.879348338 0.046804510 0.473873228 74.612159729
0.479561478 0.064706117 0.875119388 106.102241516 0.010272342 0.996795356 -0.079332016 -7.447125912 -0.877448201 0.047034103 0.477359980 74.898399353
0.482796371 0.063962586 0.873393595 106.609947205 0.012291011 0.996735990 -0.079789743 -7.489972115 -0.875646412 0.049257085 0.480434358 75.185531616
0.486800045 0.065050341 0.871087849 107.113021851 0.011768769 0.996644318 -0.081003398 -7.536813259 -0.873434186 0.049684089 0.484400958 75.463577271
0.490423739 0.065561526 0.869014502 107.613998413 0.013607008 0.996468663 -0.082856148 -7.584155560 -0.871377826 0.052459322 0.487799853 75.765350342
0.495768607 0.068842240 0.865721822 108.102478027 0.011481167 0.996246457 -0.085796446 -7.630096436 -0.868378758 0.052474678 0.493117362 76.043930054
0.501327932 0.074542426 0.862040460 108.586151123 0.008187580 0.995828748 -0.090872958 -7.675692081 -0.865218580 0.052615177 0.498626500 76.332733154
0.506939948 0.081779584 0.858093262 109.069000244 0.002856871 0.995324373 -0.096545994 -7.724613190 -0.861976624 0.051394492 0.504336059 76.637283325
0.512795925 0.087855607 0.854003429 109.550834656 -0.002355607 0.994890153 -0.100934900 -7.779363632 -0.858507335 0.049747303 0.510382533 76.948699951
0.518885076 0.092327721 0.849843383 110.019744873 -0.005823293 0.994508982 -0.104488805 -7.831318855 -0.854824185 0.049268797 0.516573548 77.259346008
0.524593771 0.092719831 0.846288621 110.507995605 -0.010464844 0.994679034 -0.102490641 -7.881661415 -0.851288378 0.044909678 0.522772670 77.559158325
0.530278087 0.091886915 0.842829704 111.005203247 -0.016973641 0.995060861 -0.097804248 -7.933272839 -0.847653925 0.037557550 0.529218674 77.885940552
0.535849988 0.089365296 0.839570582 111.498916626 -0.022881165 0.995554626 -0.091364756 -7.984649181 -0.844003201 0.029747447 0.535512626 78.224937439
0.541761756 0.087562278 0.835958838 111.999824524 -0.029260449 0.995920837 -0.085354581 -8.039504051 -0.840022683 0.021781310 0.542114019 78.568695068
0.547571123 0.085829012 0.832345665 112.512405396 -0.032066040 0.996147096 -0.081624620 -8.087447166 -0.836144507 0.018005244 0.548213601 78.926635742
0.553914130 0.089320898 0.827768743 113.025253296 -0.037063360 0.995888293 -0.082660429 -8.133441925 -0.831748426 0.015106874 0.554947138 79.286918640
0.560447216 0.093601398 0.822883785 113.543472290 -0.040988892 0.995509982 -0.085320704 -8.175048828 -0.827175200 0.014088647 0.561767459 79.649795532
0.566084564 0.096560799 0.818672240 114.068115234 -0.043772422 0.995235801 -0.087118953 -8.230007172 -0.823184192 0.013481434 0.567614317 80.034233093
0.572559118 0.098785982 0.813890219 114.603775024 -0.045989640 0.995021284 -0.088417761 -8.276767731 -0.818572521 0.013193874 0.574251592 80.420845032
