1.000000000 0.000000000 0.000000000 0.000000000 0.000000000 1.000000000 0.000000000 0.000000000 0.000000000 0.000000000 1.000000000 0.000000000
1.000000000 -0.000061473 0.000126548 -0.014809551 0.000061291 0.999998987 0.001437743 -0.012736309 -0.000126637 -0.001437735 0.999998987 1.315606952
0.999998450 -0.001602007 -0.000685948 -0.009806121 0.001603205 0.999997139 0.001749677 -0.039069004 0.000683143 -0.001750774 0.999998212 2.617316723
0.999995887 -0.002782516 -0.000720815 -0.014054343 0.002783035 0.999995887 0.000720323 -0.054580919 0.000718808 -0.000722326 0.999999404 3.929292440
0.999995649 -0.002926555 -0.000493568 -0.026665621 0.002926924 0.999995470 0.000748730 -0.071815431 0.000491375 -0.000750172 0.999999583 5.250699520
0.999993086 -0.003627543 -0.000716808 -0.023182776 0.003628767 0.999991953 0.001713143 -0.098067999 0.000710588 -0.001715732 0.999998212 6.570664406
0.999986768 -0.005117159 -0.000424441 -0.030548543 0.005118281 0.999983311 0.002687308 -0.111440122 0.000410682 -0.002689444 0.999996364 7.896301270
0.999988794 -0.004703254 -0.000511697 -0.038249753 0.004705009 0.999982893 0.003482181 -0.135534793 0.000495311 -0.003484549 0.999993742 9.233606339
0.999993622 -0.003530064 -0.000672154 -0.049996916 0.003531089 0.999992609 0.001528047 -0.151074812 0.000666755 -0.001530410 0.999998629 10.578719139
0.999998391 -0.001432161 -0.001061867 -0.050197437 0.001431875 0.999998927 -0.000270162 -0.175681636 0.001062253 0.000268642 0.999999404 11.934590340
0.999997079 0.002371173 -0.000368221 -0.080790885 -0.002371612 0.999996603 -0.001196840 -0.204624966 0.000365381 0.001197710 0.999999225 13.247024536
0.999988914 0.004676227 -0.000601895 -0.089971818 -0.004677031 0.999988198 -0.001341362 -0.226649299 0.000595616 0.001344162 0.999998927 14.587003708
0.999983132 0.005807973 -0.000133900 -0.104933500 -0.005808017 0.999983072 -0.000327349 -0.249735877 0.000131997 0.000328121 0.999999940 15.932081223
0.999994040 0.003441317 0.000073020 -0.107159115 -0.003441489 0.999990940 0.002511032 -0.269085765 -0.000064378 -0.002511269 0.999996841 17.284612656
0.999999702 -0.000820699 0.000023621 -0.100947149 0.000820593 0.999990880 0.004200625 -0.290618658 -0.000027069 -0.004200604 0.999991179 18.655099869
0.999993980 -0.003448509 -0.000047858 -0.105945274 0.003448599 0.999992013 0.002027217 -0.306683958 0.000040867 -0.002027370 0.999997914 19.992004395
0.999991417 -0.004123586 0.000128544 -0.120751455 0.004123589 0.999991536 -0.000019412 -0.321550637 -0.000128463 0.000019942 1.000000000 21.334533691
0.999997914 -0.001671845 0.001198181 -0.136115193 0.001673723 0.999997377 -0.001567768 -0.344898343 -0.001195556 0.001569770 0.999998033 22.687051773
0.999998093 0.001077017 0.001632301 -0.135317117 -0.001077891 0.999999285 0.000534567 -0.371962577 -0.001631724 -0.000536326 0.999998510 24.050779343
0.999996781 0.001384615 0.002107999 -0.139805213 -0.001393175 0.999990761 0.004064589 -0.389989734 -0.002102352 -0.004067513 0.999989510 25.419933319
0.999995351 -0.000936711 0.002887344 -0.143509388 0.000919009 0.999980807 0.006126149 -0.405388892 -0.002893027 -0.006123468 0.999977052 26.800323486
0.999981463 -0.005787392 0.001882217 -0.127588272 0.005779275 0.999974072 0.004289894 -0.425161093 -0.001906996 -0.004278935 0.999989033 28.193212509
0.999981642 -0.005629017 0.002234370 -0.134547040 0.005624417 0.999982119 0.002059561 -0.438549221 -0.002245924 -0.002046956 0.999995410 29.567157745
0.999977469 -0.005989725 0.003007803 -0.144743174 0.005991973 0.999981761 -0.000739215 -0.457503855 -0.003003321 0.000757222 0.999995232 30.935302734
0.999989629 -0.002512867 0.003774943 -0.157315999 0.002517718 0.999995947 -0.001280801 -0.481720448 -0.003771709 0.001290292 0.999992073 32.313045502
0.999990463 -0.001929655 0.003914196 -0.155099064 0.001943394 0.999991953 -0.003509362 -0.506999671 -0.003907393 0.003516936 0.999986112 33.696269989
0.999990523 -0.001172025 0.004187997 -0.156787723 0.001183585 0.999995530 -0.002759027 -0.530737936 -0.004184745 0.002763958 0.999987364 35.086685181
0.999991477 -0.000760249 0.004087750 -0.165735945 0.000767536 0.999998093 -0.001781422 -0.555813432 -0.004086388 0.001784545 0.999989986 36.481513977
0.999993324 0.000654668 0.003609314 -0.168905705 -0.000654706 0.999999762 0.000009543 -0.580502033 -0.003609307 -0.000011906 0.999993443 37.883094788
0.999988675 0.003103604 0.003595389 -0.169980079 -0.003105019 0.999995053 0.000387933 -0.610809028 -0.003594167 -0.000399092 0.999993443 39.289161682
0.999974430 0.005824146 0.004139388 -0.183532357 -0.005823730 0.999982953 -0.000112854 -0.630036354 -0.004139975 0.000088744 0.999991357 40.682304382
0.999962866 0.007646271 0.003978495 -0.184101075 -0.007647384 0.999970734 0.000264756 -0.651820421 -0.003976354 -0.000295171 0.999992073 42.101425171
0.999961197 0.008152230 0.003350149 -0.179875225 -0.008152694 0.999966800 0.000125434 -0.670497358 -0.003349015 -0.000152741 0.999994457 43.504089355
0.999968052 0.007302437 0.003252714 -0.191629961 -0.007303998 0.999973238 0.000469020 -0.702935636 -0.003249202 -0.000492763 0.999994576 44.916221619
0.999975979 0.006478805 0.002453553 -0.191377938 -0.006478723 0.999979019 -0.000040622 -0.722610712 -0.002453764 0.000024725 0.999997020 46.315193176
0.999982595 0.005671080 0.001623417 -0.196616724 -0.005671531 0.999983907 0.000273600 -0.746754169 -0.001621839 -0.000282803 0.999998629 47.727333069
0.999980152 0.006270446 0.000532631 -0.198114604 -0.006271067 0.999979734 0.001170713 -0.764204800 -0.000525279 -0.001174030 0.999999166 49.157478333
0.999977052 0.006719927 -0.000789017 -0.206304520 -0.006719038 0.999976814 0.001122406 -0.790583014 0.000796541 -0.001117079 0.999999046 50.574306488
0.999978006 0.006423089 -0.001653438 -0.221631289 -0.006420640 0.999978304 0.001481887 -0.810924053 0.001662920 -0.001471238 0.999997497 51.992275238
0.999974728 0.006431678 -0.003041925 -0.232358515 -0.006422698 0.999975026 0.002952595 -0.836620629 0.003060839 -0.002932983 0.999991000 53.408336639
0.999981523 0.004842382 -0.003669829 -0.239020228 -0.004828891 0.999981582 0.003676425 -0.860373676 0.003687564 -0.003658637 0.999986470 54.862922668
0.999985158 0.003030094 -0.004527772 -0.243351996 -0.003013266 0.999988556 0.003719251 -0.876053095 0.004538990 -0.003705553 0.999982834 56.310050964
0.999988496 0.000823791 -0.004733442 -0.262316436 -0.000809339 0.999994934 0.003054476 -0.894420862 0.004735935 -0.003050610 0.999984145 57.741489410
0.999988198 -0.001012801 -0.004752087 -0.274014890 0.001030592 0.999992490 0.003742825 -0.923290491 0.004748259 -0.003747679 0.999981642 59.119621277
0.999988735 -0.002136744 -0.004242385 -0.285260350 0.002155253 0.999988198 0.004363072 -0.939180017 0.004233012 -0.004372166 0.999981463 60.547904968
0.999986351 -0.003450599 -0.003924852 -0.296324074 0.003470314 0.999981344 0.005027208 -0.960989654 0.003907431 -0.005040760 0.999979675 61.961715698
0.999980390 -0.005306748 -0.003327282 -0.311391890 0.005323593 0.999972939 0.005074341 -0.984636605 0.003300264 -0.005091955 0.999981582 63.367950439
0.999974251 -0.006626856 -0.002741929 -0.321769893 0.006637835 0.999969900 0.004014500 -1.009803057 0.002715243 -0.004032598 0.999988139 64.747024536
0.999974608 -0.006675692 -0.002504742 -0.320618570 0.006684271 0.999971807 0.003432730 -1.025018334 0.002481755 -0.003449385 0.999990940 66.161003113
0.999984264 -0.005268874 -0.001882453 -0.332783699 0.005275719 0.999979436 0.003649981 -1.049935937 0.001863183 -0.003659855 0.999991596 67.551696777
0.999995828 -0.002563685 -0.001282529 -0.349123359 0.002570283 0.999983311 0.005170074 -1.071076632 0.001269253 -0.005173350 0.999985874 68.952102661
0.999999702 0.000289747 -0.000727083 -0.350248128 -0.000285059 0.999979198 0.006439332 -1.090892315 0.000728934 -0.006439123 0.999978960 70.355331421
0.999992371 0.003899214 0.000312878 -0.365963131 -0.003901307 0.999967933 0.006992034 -1.106124640 -0.000285605 -0.006993201 0.999975502 71.756019592
0.999958694 0.009045331 0.000889311 -0.394201994 -0.009050745 0.999939263 0.006285229 -1.121355534 -0.000832405 -0.006293017 0.999979854 73.166313171
0.999922335 0.012329913 0.001788315 -0.414249986 -0.012339458 0.999909103 0.005429034 -1.133794546 -0.001721213 -0.005450679 0.999983668 74.554367065
0.999909401 0.013309337 0.002011952 -0.408895969 -0.013320825 0.999894321 0.005809090 -1.161921859 -0.001934424 -0.005835364 0.999981105 75.906227112
0.999911368 0.013124446 0.002225078 -0.417428583 -0.013137432 0.999896109 0.005925246 -1.170327067 -0.002147081 -0.005953952 0.999979973 77.323745728
0.999915719 0.012743895 0.002463871 -0.422839105 -0.012757162 0.999903738 0.005446066 -1.188736796 -0.002394230 -0.005477038 0.999982178 78.684616089
0.999940455 0.010685332 0.002213927 -0.431316942 -0.010696024 0.999930918 0.004874928 -1.212198138 -0.002161684 -0.004898319 0.999985635 80.062622070
0.999948621 0.010001026 0.001669465 -0.437221289 -0.010009723 0.999935925 0.005283986 -1.233525753 -0.001616513 -0.005300425 0.999984682 81.439277649
0.999949396 0.009930772 0.001602398 -0.441071033 -0.009938674 0.999938071 0.005000843 -1.250271320 -0.001552637 -0.005016516 0.999986231 82.779747009
0.999956787 0.009267569 0.000729765 -0.440919101 -0.009270750 0.999946952 0.004487166 -1.266162038 -0.000688141 -0.004493738 0.999989629 84.150558472
0.999956250 0.009354497 0.000078230 -0.454544067 -0.009354768 0.999943912 0.004962986 -1.281092286 -0.000031799 -0.004963501 0.999987662 85.505294800
0.999959826 0.008889230 -0.001163778 -0.452050954 -0.008882415 0.999944091 0.005735705 -1.304044127 0.001214699 -0.005725136 0.999982834 86.878952026
0.999974787 0.006862816 -0.001830260 -0.470132649 -0.006850110 0.999953032 0.006860246 -1.330048800 0.001877255 -0.006847535 0.999974787 88.232597351
0.999983966 0.004647439 -0.003218956 -0.487202436 -0.004624057 0.999963224 0.007233498 -1.336949348 0.003252454 -0.007218498 0.999968648 89.602981567
0.999989033 0.002188130 -0.004128758 -0.488538921 -0.002157460 0.999970138 0.007418083 -1.362626314 0.004144866 -0.007409094 0.999963939 90.963180542
0.999988019 0.001566142 -0.004635183 -0.500652254 -0.001535169 0.999976456 0.006678040 -1.377235413 0.004645533 -0.006670844 0.999966919 92.330841064
0.999988973 0.000265245 -0.004682592 -0.514877498 -0.000234842 0.999978840 0.006492020 -1.398260236 0.004684214 -0.006490850 0.999967992 93.651557922
0.999986827 0.000564136 -0.005097108 -0.528295696 -0.000535911 0.999984503 0.005537072 -1.407932043 0.005100154 -0.005534269 0.999971688 95.015892029
0.999988377 0.000348271 -0.004803090 -0.539791882 -0.000321621 0.999984562 0.005548230 -1.440170765 0.004804949 -0.005546622 0.999972999 96.365287781
0.999987245 0.001098527 -0.004918810 -0.554505765 -0.001074254 0.999987245 0.004934678 -1.458202958 0.004924168 -0.004929332 0.999975681 97.702636719
0.999986410 0.002811328 -0.004390499 -0.569210768 -0.002789673 0.999983966 0.004930608 -1.471525788 0.004404291 -0.004918293 0.999978185 99.033569336
0.999985814 0.003245198 -0.004238063 -0.585615396 -0.003218086 0.999974430 0.006388343 -1.487239361 0.004258687 -0.006374614 0.999970675 100.366188049
0.999981523 0.004472498 -0.004123785 -0.601843715 -0.004440675 0.999960542 0.007694057 -1.505802155 0.004158034 -0.007675601 0.999961913 101.715309143
0.999985397 0.003785478 -0.003856358 -0.616699815 -0.003760676 0.999972343 0.006418365 -1.520687103 0.003880547 -0.006403768 0.999971986 103.049888611
0.999983370 0.004413831 -0.003690070 -0.634212196 -0.004399520 0.999982834 0.003877230 -1.538566470 0.003707119 -0.003860930 0.999985635 104.359092712
0.999985218 0.003514333 -0.004145965 -0.640311122 -0.003502937 0.999990046 0.002752665 -1.554767132 0.004155598 -0.002738102 0.999987602 105.712608337
0.999991775 0.001066237 -0.003910534 -0.653594434 -0.001049785 0.999990582 0.004206645 -1.581284881 0.003914981 -0.004202506 0.999983490 107.022750854
0.999993443 -0.001329417 -0.003359633 -0.663889885 0.001349366 0.999981463 0.005942684 -1.593466282 0.003351670 -0.005947178 0.999976695 108.366737366
0.999994099 -0.002471349 -0.002390751 -0.672860861 0.002486212 0.999977410 0.006234078 -1.607838631 0.002375290 -0.006239985 0.999977708 109.684616089
0.999992192 -0.003511160 -0.001825396 -0.677722514 0.003520143 0.999981523 0.004941035 -1.624499083 0.001808014 -0.004947422 0.999986112 111.003524780
0.999998510 -0.001409172 -0.001019876 -0.694237590 0.001411947 0.999995291 0.002725127 -1.647735953 0.001016031 -0.002726562 0.999995708 112.343421936
0.999999523 0.000884672 0.000321744 -0.705593705 -0.000884881 0.999999404 0.000651528 -1.665728092 -0.000321167 -0.000651812 0.999999702 113.684104919
0.999990165 0.004122443 0.001645521 -0.714529634 -0.004123268 0.999991357 0.000499589 -1.684170842 -0.001643447 -0.000506369 0.999998510 114.972282410
0.999981284 0.005349373 0.002983250 -0.717351615 -0.005356395 0.999982893 0.002350905 -1.702104807 -0.002970622 -0.002366840 0.999992847 116.322319031
0.999975741 0.005364333 0.004443865 -0.730425954 -0.005385747 0.999974012 0.004821070 -1.728223681 -0.004417887 -0.004844887 0.999978483 117.620040894
0.999973416 0.004877695 0.005421731 -0.733268678 -0.004905943 0.999974430 0.005209100 -1.741680980 -0.005396184 -0.005235561 0.999971747 118.957473755
0.999967098 0.005341684 0.006104297 -0.731743038 -0.005370077 0.999974728 0.004644336 -1.756014109 -0.006079335 -0.004676964 0.999970555 120.297203064
0.999949276 0.006904245 0.007342863 -0.728761017 -0.006934143 0.999967694 0.004053897 -1.770851612 -0.007314636 -0.004104607 0.999964833 121.641998291
0.999918818 0.009236578 0.008777011 -0.738559961 -0.009270833 0.999949455 0.003870139 -1.790196180 -0.008740821 -0.003951195 0.999953985 122.961387634
0.999903142 0.009673825 0.010004330 -0.735742092 -0.009700384 0.999949515 0.002609548 -1.803270459 -0.009978582 -0.002706342 0.999946535 124.305870056
0.999879956 0.011153312 0.010756140 -0.729749918 -0.011176158 0.999935389 0.002066153 -1.831473231 -0.010732401 -0.002186118 0.999940038 125.635269165
0.999875247 0.010346105 0.011939799 -0.726402998 -0.010368049 0.999944627 0.001777326 -1.846731424 -0.011920751 -0.001900896 0.999927163 126.979515076
0.999873757 0.009729332 0.012562446 -0.711264610 -0.009770630 0.999947071 0.003230219 -1.874677181 -0.012530351 -0.003352555 0.999915898 128.324493408
0.999870062 0.008668770 0.013594664 -0.704125524 -0.008721099 0.999954820 0.003794804 -1.892682314 -0.013561153 -0.003912871 0.999900401 129.638870239
0.999870718 0.007794095 0.014065290 -0.699856520 -0.007855104 0.999959946 0.004287549 -1.908071280 -0.014031308 -0.004397479 0.999891818 131.013885498
0.999889851 0.005327687 0.013857461 -0.682482600 -0.005387658 0.999976277 0.004294112 -1.918874979 -0.013834254 -0.004368298 0.999894738 132.373138428
0.999897420 0.003831736 0.013801394 -0.673543096 -0.003904234 0.999978721 0.005229871 -1.946315646 -0.013781061 -0.005283219 0.999891043 133.720504761
0.999908805 0.002519612 0.013273207 -0.664400101 -0.002581990 0.999985695 0.004684455 -1.958899975 -0.013261215 -0.004718299 0.999900937 135.072021484
0.999926507 0.001122756 0.012066465 -0.655217409 -0.001179012 0.999988437 0.004656137 -1.975563765 -0.012061099 -0.004670022 0.999916315 136.401565552
0.999938250 -0.000311422 0.011107954 -0.648087621 0.000251361 0.999985278 0.005407997 -1.988566875 -0.011109475 -0.005404872 0.999923646 137.757400513
0.999947667 -0.002004749 0.010029779 -0.639214516 0.001945171 0.999980450 0.005946346 -2.014131308 -0.010041504 -0.005926524 0.999931991 139.090881348
0.999957800 -0.002474573 0.008839269 -0.639025331 0.002422523 0.999979794 0.005894340 -2.028287411 -0.008853677 -0.005872678 0.999943554 140.417739868
0.999966085 -0.002844713 0.007723499 -0.633714795 0.002804021 0.999982178 0.005274358 -2.045551538 -0.007738366 -0.005252523 0.999956191 141.764739990
0.999972582 -0.002939577 0.006791844 -0.635057747 0.002906867 0.999984145 0.004820982 -2.060367107 -0.006805907 -0.004801107 0.999965310 143.099517822
0.999968529 -0.005354781 0.005842226 -0.623978138 0.005339094 0.999982119 0.002697439 -2.084479809 -0.005856565 -0.002666162 0.999979317 144.430816650
0.999931335 -0.010632552 0.004920855 -0.619270086 0.010622815 0.999941587 0.002000546 -2.099128246 -0.004941839 -0.001948136 0.999985933 145.781341553
0.999824703 -0.018333541 0.003794341 -0.609180629 0.018315922 0.999821544 0.004626478 -2.124084473 -0.003878483 -0.004556170 0.999982119 147.110260010
0.999681175 -0.025157750 0.002125407 -0.598954439 0.025144694 0.999666035 0.005961600 -2.138316154 -0.002274678 -0.005906257 0.999980032 148.445999146
0.999588430 -0.028674727 0.000934828 -0.587826312 0.028672202 0.999585390 0.002612066 -2.156572580 -0.001009341 -0.002584186 0.999996185 149.794586182
0.999610662 -0.027843544 0.001816010 -0.607879639 0.027844300 0.999612212 -0.000391876 -2.179005384 -0.001804395 0.000442289 0.999998271 151.099105835
0.999701202 -0.024292246 0.002720163 -0.615635455 0.024297943 0.999702632 -0.002081145 -2.206616163 -0.002668798 0.002146617 0.999994099 152.424118042
0.999691665 -0.024588447 0.003452900 -0.617047310 0.024596654 0.999694705 -0.002355376 -2.232036352 -0.003393931 0.002439580 0.999991179 153.771591187
0.999603987 -0.027860597 0.003958583 -0.617504835 0.027857218 0.999611497 0.000906622 -2.253431082 -0.003982304 -0.000795988 0.999991715 155.113937378
0.999424517 -0.033634026 0.004405465 -0.603273094 0.033616662 0.999427080 0.003957291 -2.280469894 -0.004536039 -0.003806917 0.999982476 156.453659058
0.999280572 -0.037638094 0.004655410 -0.602498055 0.037610658 0.999275386 0.005846088 -2.301067591 -0.004872072 -0.005666789 0.999972105 157.782958984
0.999229550 -0.038985472 0.004507209 -0.592626154 0.038960915 0.999226034 0.005413721 -2.317601681 -0.004714776 -0.005233943 0.999975204 159.131164551
0.999288797 -0.037287757 0.005606405 -0.595085979 0.037253123 0.999286950 0.006160101 -2.332877874 -0.005832104 -0.005946863 0.999965310 160.472198486
0.999430895 -0.033125572 0.006368037 -0.588736176 0.033091769 0.999437928 0.005344192 -2.350133419 -0.006541488 -0.005130420 0.999965489 161.836151123
0.999530077 -0.029627625 0.007860711 -0.612735987 0.029602811 0.999556422 0.003254839 -2.367524862 -0.007953657 -0.003020610 0.999963820 163.120025635
0.999590039 -0.027220145 0.008877589 -0.606131315 0.027196663 0.999626219 0.002755228 -2.384426594 -0.008949270 -0.002512657 0.999956787 164.473052979
0.999657214 -0.024638806 0.008851359 -0.608324409 0.024606589 0.999690235 0.003730397 -2.402910471 -0.008940529 -0.003511317 0.999953866 165.817169189
0.999697804 -0.023221698 0.008055869 -0.589388967 0.023194257 0.999724865 0.003482733 -2.425271511 -0.008134529 -0.003294831 0.999961555 167.181304932
0.999759078 -0.020458823 0.007953796 -0.591161966 0.020454228 0.999790668 0.000658559 -2.435752392 -0.007965604 -0.000495712 0.999968171 168.535919189
0.999831319 -0.016812334 0.007412207 -0.592804670 0.016829185 0.999855936 -0.002216778 -2.453479290 -0.007373871 0.002341146 0.999970078 169.879272461
0.999909103 -0.011249231 0.007425361 -0.598630190 0.011274268 0.999930799 -0.003338753 -2.484057903 -0.007387289 0.003422166 0.999966800 171.248443604
0.999945998 -0.006791773 0.007858849 -0.604891896 0.006808770 0.999974489 -0.002138129 -2.509027004 -0.007844127 0.002191524 0.999966860 172.604614258
0.999956369 -0.003771951 0.008549031 -0.608785510 0.003774248 0.999992847 -0.000252528 -2.531866312 -0.008548017 0.000284783 0.999963403 173.959655762
0.999959469 -0.002751806 0.008578699 -0.606710315 0.002736909 0.999994695 0.001747741 -2.549467087 -0.008583463 -0.001724191 0.999961615 175.338333130
0.999948502 -0.006675721 0.007644200 -0.602856040 0.006652163 0.999973059 0.003102892 -2.575192451 -0.007664708 -0.003051881 0.999965966 176.700195312
0.999948442 -0.008343401 0.005790586 -0.593437314 0.008326397 0.999960959 0.002954479 -2.586350918 -0.005815010 -0.002906112 0.999978840 178.092239380
0.999947727 -0.009413070 0.003987515 -0.596167862 0.009417033 0.999955177 -0.000976227 -2.616503000 -0.003978148 0.001013726 0.999991596 179.468261719
0.999966085 -0.007857585 0.002465506 -0.594119191 0.007870647 0.999954820 -0.005333652 -2.638574123 -0.002423485 0.005352876 0.999982774 180.861618042
0.999995351 -0.002640158 0.001500549 -0.604456544 0.002649107 0.999978542 -0.005993804 -2.666881561 -0.001484692 0.005997750 0.999980927 182.274505615
0.999998689 0.000873877 0.001380766 -0.616568983 -0.000866847 0.999986708 -0.005083608 -2.695815086 -0.001385191 0.005082404 0.999986053 183.673934937
0.999994040 0.002917129 0.001809097 -0.630313993 -0.002914329 0.999994516 -0.001548388 -2.724606514 -0.001813604 0.001543107 0.999997139 185.067123413
0.999991953 0.003533610 0.001957641 -0.634011269 -0.003534603 0.999993622 0.000503638 -2.747127056 -0.001955849 -0.000510554 0.999997973 186.464370728
0.999993861 0.002901146 0.001941107 -0.633122504 -0.002903740 0.999994814 0.001334792 -2.764119625 -0.001937225 -0.001340420 0.999997199 187.879135132
0.999998093 0.000869358 0.001722922 -0.636399269 -0.000872488 0.999997914 0.001816543 -2.781444311 -0.001721339 -0.001818042 0.999996841 189.299957275
0.999996901 -0.001568911 0.001942395 -0.636260748 0.001563751 0.999995232 0.002655534 -2.810339451 -0.001946552 -0.002652489 0.999994576 190.725906372
0.999989390 -0.004091688 0.002172053 -0.638248920 0.004085873 0.999988079 0.002674598 -2.827841997 -0.002182971 -0.002665695 0.999994099 192.154708862
0.999968112 -0.007549449 0.002579328 -0.640866876 0.007539434 0.999963999 0.003870991 -2.851594925 -0.002608459 -0.003851422 0.999989092 193.563186646
0.999924779 -0.011855307 0.003128212 -0.644156575 0.011838717 0.999916017 0.005269541 -2.865593672 -0.003190421 -0.005232112 0.999981105 194.985183716
0.999883473 -0.014891614 0.003343532 -0.637824297 0.014873630 0.999875128 0.005340309 -2.885685921 -0.003422640 -0.005289957 0.999980152 196.424240112
0.999915779 -0.012386301 0.003861094 -0.645812809 0.012384560 0.999923229 0.000473833 -2.898320198 -0.003866667 -0.000425975 0.999992430 197.849319458
0.999975979 -0.005685736 0.003947587 -0.650727391 0.005702864 0.999974251 -0.004341646 -2.921123266 -0.003922800 0.004364054 0.999982715 199.294830322
0.999977231 0.003903996 0.005505870 -0.668800473 -0.003880759 0.999983549 -0.004224821 -2.952787399 -0.005522273 0.004203359 0.999975860 200.736267090
0.999908686 0.011770826 0.006644506 -0.689579010 -0.011767100 0.999930561 -0.000599795 -2.976498127 -0.006651105 0.000521555 0.999977708 202.168640137
0.999900937 0.012077819 0.007223741 -0.682834029 -0.012092137 0.999924958 0.001941722 -3.005787611 -0.007199747 -0.002028880 0.999971986 203.620025635
0.999924839 0.010297431 0.006661248 -0.682507753 -0.010311970 0.999944448 0.002151784 -3.020462990 -0.006638720 -0.002220312 0.999975502 205.049057007
0.999962509 0.006914057 0.005214206 -0.671245575 -0.006925873 0.999973416 0.002251512 -3.043456554 -0.005198500 -0.002287541 0.999983847 206.499954224
0.999973655 0.005240245 0.005024418 -0.687855721 -0.005248914 0.999984741 0.001713455 -3.063222170 -0.005015363 -0.001739783 0.999985874 207.932373047
0.999973118 0.005701983 0.004610425 -0.686970055 -0.005707904 0.999982893 0.001271946 -3.082612038 -0.004603092 -0.001298228 0.999988616 209.402755737
0.999968231 0.006800316 0.004139205 -0.684270561 -0.006805901 0.999975979 0.001336741 -3.105205297 -0.004130015 -0.001364870 0.999990523 210.858474731
0.999964714 0.007488965 0.003813409 -0.689633369 -0.007497292 0.999969542 0.002173911 -3.129702330 -0.003797012 -0.002202425 0.999990284 212.310409546
0.999966621 0.007365890 0.003554972 -0.695295215 -0.007372472 0.999971151 0.001841901 -3.151331902 -0.003541302 -0.001868049 0.999991953 213.778289795
0.999970496 0.006889489 0.003403302 -0.701568007 -0.006892278 0.999975920 0.000808316 -3.175178528 -0.003397651 -0.000831749 0.999993861 215.234283447
0.999974549 0.006214447 0.003507989 -0.710384190 -0.006217125 0.999980390 0.000753073 -3.197958946 -0.003503240 -0.000774864 0.999993563 216.691925049
0.999974370 0.006527527 0.002938757 -0.711249232 -0.006529110 0.999978542 0.000529216 -3.220506668 -0.002935240 -0.000548390 0.999995470 218.160552979
0.999972224 0.006861937 0.002903661 -0.723220587 -0.006862138 0.999976397 0.000059190 -3.240838528 -0.002903186 -0.000079113 0.999995708 219.638717651
0.999970973 0.007207054 0.002449684 -0.726397991 -0.007206426 0.999973953 -0.000265373 -3.262841940 -0.002451533 0.000247711 0.999996901 221.124755859
0.999969423 0.007512547 0.002181184 -0.732917309 -0.007512675 0.999971807 0.000049851 -3.297742844 -0.002180749 -0.000066236 0.999997616 222.589126587
0.999967098 0.007839623 0.002093614 -0.743819654 -0.007839173 0.999969244 -0.000222621 -3.318148136 -0.002095295 0.000206201 0.999997735 224.073440552
0.999962032 0.008457211 0.002060424 -0.757370889 -0.008456348 0.999964118 -0.000426870 -3.337220192 -0.002063961 0.000409430 0.999997795 225.558547974
0.999969482 0.007608457 0.001750614 -0.760969400 -0.007607413 0.999970913 -0.000602106 -3.359003782 -0.001755145 0.000588770 0.999998331 227.053894043
0.999978662 0.006177657 0.002121147 -0.771408319 -0.006176351 0.999980688 -0.000622097 -3.387000322 -0.002124949 0.000608983 0.999997497 228.522842407
0.999985456 0.004896277 0.002255960 -0.780598879 -0.004895574 0.999987960 -0.000316706 -3.414087534 -0.002257484 0.000305657 0.999997377 230.015411377
0.999991596 0.003186392 0.002571871 -0.784676611 -0.003188292 0.999994636 0.000735601 -3.438054323 -0.002569513 -0.000743795 0.999996424 231.516754150
0.999991477 0.003325292 0.002466056 -0.787274897 -0.003327274 0.999994099 0.000800334 -3.459271908 -0.002463380 -0.000808532 0.999996662 233.020828247
0.999989927 0.003628275 0.002642181 -0.799279392 -0.003629900 0.999993205 0.000610115 -3.489570379 -0.002639949 -0.000619700 0.999996305 234.516845703
0.999986351 0.004412582 0.002799326 -0.799506068 -0.004412675 0.999990225 0.000026485 -3.513996601 -0.002799182 -0.000038837 0.999996066 236.024261475
0.999978721 0.005656670 0.003247235 -0.806191683 -0.005659202 0.999983728 0.000770946 -3.538808346 -0.003242821 -0.000789306 0.999994457 237.524749756
0.999973595 0.006021479 0.004062114 -0.815668821 -0.006032867 0.999977887 0.002797171 -3.561381102 -0.004045180 -0.002821604 0.999987781 239.044006348
0.999972224 0.005813420 0.004657682 -0.816259742 -0.005827884 0.999978304 0.003098087 -3.580223560 -0.004639570 -0.003125146 0.999984324 240.559616089
0.999963284 0.006654009 0.005403824 -0.820832729 -0.006662347 0.999976635 0.001526291 -3.601546049 -0.005393543 -0.001562237 0.999984205 242.046997070
0.999957204 0.007097727 0.005928015 -0.817172647 -0.007097648 0.999974728 -0.000034437 -3.621800661 -0.005928110 -0.000007640 0.999982417 243.557937622
0.999955952 0.006964462 0.006280376 -0.817885399 -0.006971528 0.999975026 0.001103991 -3.653512716 -0.006272531 -0.001147726 0.999979675 245.075134277
0.999960244 0.006735124 0.005846275 -0.808401823 -0.006748118 0.999974787 0.002205763 -3.678587437 -0.005831272 -0.002245126 0.999980450 246.608749390
0.999953389 0.007502217 0.006085475 -0.816636443 -0.007517605 0.999968588 0.002509449 -3.700533628 -0.006066457 -0.002555080 0.999978304 248.129440308
0.999960423 0.006994224 0.005501981 -0.816677570 -0.007009108 0.999971807 0.002690692 -3.724750996 -0.005483007 -0.002729149 0.999981225 249.685760498
0.999947548 0.008370104 0.005889356 -0.818036437 -0.008386484 0.999961078 0.002762237 -3.741867304 -0.005866006 -0.002811483 0.999978840 251.229904175
0.999929965 0.010098643 0.006173694 -0.826318264 -0.010116255 0.999944746 0.002828079 -3.766242981 -0.006144794 -0.002890335 0.999976873 252.754562378
0.999923825 0.010465950 0.006552801 -0.830514431 -0.010485882 0.999940395 0.003014962 -3.785107851 -0.006520857 -0.003083444 0.999973953 254.285980225
0.999940276 0.009015466 0.006178510 -0.824850798 -0.009035722 0.999953866 0.003258468 -3.805706978 -0.006148849 -0.003314100 0.999975622 255.848251343
0.999951124 0.007592875 0.006327408 -0.821630955 -0.007617932 0.999963164 0.003945346 -3.824902058 -0.006297218 -0.003993355 0.999972165 257.373626709
0.999970078 0.004832226 0.006047320 -0.814705014 -0.004860123 0.999977589 0.004606673 -3.840233326 -0.006024924 -0.004635925 0.999971092 258.892822266
0.999970615 0.003713412 0.006708982 -0.832589269 -0.003739515 0.999985456 0.003882542 -3.863914490 -0.006694467 -0.003907516 0.999969959 260.441192627
0.999974132 0.002683349 0.006665539 -0.834757209 -0.002700344 0.999993086 0.002541913 -3.878360510 -0.006658672 -0.002559846 0.999974549 261.990020752
0.999975026 0.001097304 0.006978417 -0.822861791 -0.001128538 0.999989271 0.004473388 -3.902333498 -0.006973433 -0.004481150 0.999965668 263.549072266
0.999971688 -0.001057306 0.007449701 -0.817436337 0.001009562 0.999978960 0.006409700 -3.921902418 -0.007456321 -0.006401998 0.999951661 265.098541260
0.999973655 -0.002013798 0.006969729 -0.801433444 0.001976942 0.999984145 0.005290731 -3.936138153 -0.006980272 -0.005276815 0.999961734 266.680572510
0.999969482 -0.002490550 0.007398587 -0.791556478 0.002457610 0.999987066 0.004457864 -3.953375340 -0.007409593 -0.004439547 0.999962747 268.232727051
0.999965489 -0.001769756 0.008116975 -0.790218115 0.001736396 0.999990046 0.004115211 -3.976775885 -0.008124178 -0.004100975 0.999958575 269.764038086
0.999960005 -0.000224537 0.008940078 -0.787406683 0.000185216 0.999990284 0.004398933 -3.999225616 -0.008940980 -0.004397101 0.999950290 271.297241211
0.999950528 0.001972281 0.009741796 -0.786036253 -0.002007205 0.999991596 0.003576549 -4.014061928 -0.009734660 -0.003595927 0.999946117 272.818817139
0.999935448 0.003255761 0.010886203 -0.777196407 -0.003290795 0.999989390 0.003201784 -4.034981728 -0.010875667 -0.003237402 0.999935567 274.382263184
0.999923348 0.004654908 0.011469068 -0.763433218 -0.004686789 0.999985218 0.002754452 -4.053892136 -0.011456075 -0.002807995 0.999930441 275.890686035
0.999916434 0.004956625 0.011936078 -0.755555630 -0.004979924 0.999985754 0.001923037 -4.078089237 -0.011926375 -0.001982318 0.999926984 277.434631348
0.999910831 0.003839824 0.012788774 -0.734994650 -0.003861494 0.999991179 0.001670227 -4.098376274 -0.012782246 -0.001719462 0.999916792 278.972045898
0.999899268 0.003491777 0.013755077 -0.721934319 -0.003519110 0.999991834 0.001963340 -4.121500492 -0.013748107 -0.002011548 0.999903440 280.531646729
0.999896824 0.002255761 0.014185953 -0.706283569 -0.002296936 0.999993205 0.002886865 -4.139682770 -0.014179345 -0.002919152 0.999895155 282.100006104
0.999894738 0.001294094 0.014447236 -0.692035675 -0.001335347 0.999995053 0.002846112 -4.159185410 -0.014443481 -0.002865105 0.999891579 283.659515381
0.999903500 0.000717250 0.013875148 -0.661140203 -0.000727069 0.999999464 0.000702661 -4.185936928 -0.013874637 -0.000712681 0.999903500 285.231140137
0.999904931 -0.000860345 0.013764625 -0.643873215 0.000879442 0.999998748 -0.001381428 -4.213214397 -0.013763418 0.001393402 0.999904275 286.791839600
0.999915540 -0.000996473 0.012958690 -0.626507282 0.001015849 0.999998391 -0.001488647 -4.234579086 -0.012957185 0.001501685 0.999914944 288.357971191
0.999926388 -0.002164898 0.011946379 -0.611361265 0.002183300 0.999996424 -0.001527509 -4.258893013 -0.011943031 0.001553479 0.999927402 289.909393311
0.999938607 -0.002134102 0.010875685 -0.606444597 0.002158261 0.999995232 -0.002210149 -4.283987045 -0.010870919 0.002233486 0.999938428 291.452453613
0.999945045 -0.001967974 0.010296313 -0.597909451 0.001995750 0.999994397 -0.002688114 -4.308904648 -0.010290964 0.002708515 0.999943376 293.019104004
0.999953806 -0.001884832 0.009423415 -0.581378460 0.001905343 0.999995828 -0.002168050 -4.340574265 -0.009419292 0.002185905 0.999953210 294.585571289
0.999960303 -0.002437982 0.008563206 -0.575792074 0.002454010 0.999995232 -0.001861721 -4.372213840 -0.008558627 0.001882661 0.999961615 296.154266357
0.999969125 -0.002885411 0.007302833 -0.567778587 0.002888015 0.999995768 -0.000345925 -4.402549267 -0.007301804 0.000367005 0.999973297 297.733367920
0.999978542 -0.001487053 0.006367691 -0.563922524 0.001481839 0.999998569 0.000823490 -4.425831795 -0.006368907 -0.000814037 0.999979377 299.308624268
0.999972284 -0.001247867 0.007340749 -0.565274715 0.001241770 0.999998868 0.000835098 -4.447078705 -0.007341783 -0.000825959 0.999972641 300.892211914
0.999966323 -0.000875666 0.008158552 -0.558912516 0.000869908 0.999999344 0.000709240 -4.471843719 -0.008159166 -0.000702119 0.999966443 302.493896484
0.999961138 -0.002221031 0.008532183 -0.556628704 0.002217240 0.999997437 0.000453748 -4.495213032 -0.008533169 -0.000434812 0.999963522 304.072113037
0.999954462 -0.003878715 0.008720232 -0.546370029 0.003882772 0.999992371 -0.000448299 -4.522343636 -0.008718426 0.000482137 0.999961853 305.664306641
0.999944270 -0.005395546 0.009071979 -0.533670187 0.005418341 0.999982238 -0.002490074 -4.546077728 -0.009058381 0.002539091 0.999955773 307.260986328
0.999943078 -0.005772302 0.008968363 -0.528103113 0.005803129 0.999977350 -0.003415033 -4.575580120 -0.008948449 0.003466883 0.999953866 308.859252930
0.999964654 -0.005102410 0.006687651 -0.526466131 0.005133077 0.999976397 -0.004576456 -4.604892731 -0.006664143 0.004610622 0.999967158 310.467041016
0.999980330 -0.004236603 0.004607650 -0.524919152 0.004254673 0.999983191 -0.003919099 -4.630726814 -0.004590969 0.003938625 0.999981701 312.090576172
0.999986053 -0.003245592 0.004142162 -0.526028991 0.003248774 0.999994457 -0.000761523 -4.657681942 -0.004139668 0.000774969 0.999991179 313.721008301
0.999978781 -0.004800757 0.004394869 -0.513808489 0.004790494 0.999985754 0.002342750 -4.685390472 -0.004406054 -0.002321647 0.999987543 315.363220215
0.999975026 -0.005820000 0.004007553 -0.508525968 0.005807545 0.999978304 0.003112667 -4.706032276 -0.004025581 -0.003089315 0.999987066 316.987060547
0.999967456 -0.006467427 0.004806827 -0.513768077 0.006458423 0.999977350 0.001886146 -4.729516506 -0.004818917 -0.001855040 0.999986649 318.615234375
0.999953270 -0.008228905 0.005067123 -0.516333103 0.008217079 0.999963403 0.002350432 -4.754428864 -0.005086279 -0.002308685 0.999984384 320.226562500
0.999950409 -0.008111613 0.005782093 -0.526079297 0.008097361 0.999964058 0.002484140 -4.775593281 -0.005802037 -0.002437197 0.999980211 321.851684570
0.999948800 -0.007807798 0.006435642 -0.524014950 0.007793505 0.999967098 0.002243014 -4.797310829 -0.006452942 -0.002192743 0.999976695 323.473785400
0.999957860 -0.006485898 0.006499582 -0.520325422 0.006478167 0.999978304 0.001209892 -4.819355011 -0.006507288 -0.001167736 0.999978125 325.089874268
0.999957204 -0.005509817 0.007430335 -0.521086216 0.005503590 0.999984443 0.000858357 -4.853301525 -0.007434949 -0.000817427 0.999971986 326.701782227
0.999946237 -0.007032699 0.007626112 -0.508191109 0.007011589 0.999971569 0.002791607 -4.877727032 -0.007645527 -0.002737986 0.999967039 328.343048096
0.999932885 -0.008206583 0.008176133 -0.509728909 0.008175544 0.999959230 0.003822679 -4.904121399 -0.008207172 -0.003755579 0.999959230 329.950988770
0.999924481 -0.009402570 0.007899283 -0.497809649 0.009382667 0.999952734 0.002553017 -4.925957203 -0.007922916 -0.002478708 0.999965549 331.590789795
0.999935508 -0.008402177 0.007634067 -0.488071918 0.008382567 0.999961555 0.002596970 -4.948524475 -0.007655594 -0.002532810 0.999967515 333.224182129
0.999950767 -0.006353222 0.007618756 -0.498112679 0.006348663 0.999979675 0.000622648 -4.979911327 -0.007622557 -0.000574249 0.999970734 334.822509766
0.999965131 -0.004833865 0.006803636 -0.494089365 0.004849445 0.999985635 -0.002275200 -5.007001400 -0.006792541 0.002308115 0.999974191 336.440185547
0.999974668 -0.003460760 0.006220164 -0.493386269 0.003472375 0.999992251 -0.001857536 -5.038798809 -0.006213687 0.001879088 0.999978840 338.032714844
0.999982655 -0.001833769 0.005600950 -0.506844044 0.001824918 0.999997079 0.001585024 -5.066937447 -0.005603840 -0.001574775 0.999983013 339.609924316
0.999990940 -0.001879546 0.003819566 -0.491375208 0.001861591 0.999987245 0.004698859 -5.094791412 -0.003828349 -0.004691707 0.999981642 341.246826172
0.999996185 -0.001181625 0.002501758 -0.495035112 0.001173400 0.999993861 0.003286768 -5.114540577 -0.002505626 -0.003283820 0.999991477 342.849853516
0.999998152 -0.001817293 0.000691045 -0.500733197 0.001816086 0.999996781 0.001743953 -5.137332916 -0.000694213 -0.001742695 0.999998271 344.439544678
0.999994159 -0.003179018 -0.001185197 -0.500182807 0.003182148 0.999991357 0.002648152 -5.155509949 0.001176768 -0.002651908 0.999995768 346.029876709
0.999987006 -0.004442194 -0.002487724 -0.504530728 0.004449800 0.999985397 0.003059811 -5.178828716 0.002474096 -0.003070841 0.999992192 347.627655029
0.999984324 -0.004999028 -0.002519867 -0.524658978 0.005004963 0.999984622 0.002354305 -5.198760986 0.002508059 -0.002366880 0.999994040 349.211181641
0.999976635 -0.006203446 -0.002875560 -0.532172680 0.006207572 0.999979734 0.001428224 -5.222305775 0.002866642 -0.001446041 0.999994874 350.807373047
0.999976397 -0.006222578 -0.002914131 -0.543738484 0.006226028 0.999979913 0.001176492 -5.243307590 0.002906752 -0.001194608 0.999994993 352.402557373
0.999973059 -0.006790183 -0.002780658 -0.559261918 0.006792664 0.999976516 0.000883140 -5.265065193 0.002774597 -0.000902004 0.999995768 353.987945557
0.999969244 -0.007202109 -0.003095560 -0.566688180 0.007202914 0.999973953 0.000248522 -5.291523933 0.003093691 -0.000270812 0.999995172 355.583831787
0.999970138 -0.007108232 -0.003038284 -0.579694271 0.007106886 0.999974668 -0.000453271 -5.317603111 0.003041429 0.000431665 0.999995291 357.182891846
0.999967039 -0.007621458 -0.002787071 -0.591568410 0.007620229 0.999970853 -0.000451109 -5.342095852 0.002790428 0.000429856 0.999996006 358.770721436
0.999967396 -0.007505498 -0.002974026 -0.597684741 0.007502639 0.999971390 -0.000971173 -5.372311592 0.002981230 0.000948828 0.999995053 360.367095947
0.999949872 -0.009583135 -0.002908208 -0.610250592 0.009576523 0.999951541 -0.002279809 -5.404638290 0.002929915 0.002251844 0.999993145 361.959991455
0.999935806 -0.010894970 -0.003152455 -0.613211453 0.010893834 0.999940574 -0.000378239 -5.435353279 0.003156389 0.000343872 0.999994934 363.561462402
0.999908924 -0.012951252 -0.003802515 -0.608891010 0.012954059 0.999915838 0.000714222 -5.464856148 0.003792944 -0.000763415 0.999992549 365.163665771
0.999911547 -0.012908704 -0.003211431 -0.624532759 0.012906075 0.999916315 -0.000838179 -5.482441902 0.003221982 0.000796658 0.999994516 366.762756348
0.999928057 -0.011688243 -0.002705145 -0.642848730 0.011683067 0.999929905 -0.001921176 -5.500236034 0.002727411 0.001889433 0.999994516 368.377838135
0.999937892 -0.010884352 -0.002407546 -0.657669842 0.010882783 0.999940515 -0.000663552 -5.539117336 0.002414626 0.000637310 0.999996841 369.950866699
0.999955416 -0.009209963 -0.002133045 -0.668759406 0.009209982 0.999957561 -0.000000692 -5.559695244 0.002132961 -0.000018953 0.999997735 371.556274414
0.999951482 -0.009633579 -0.002069956 -0.672827363 0.009633511 0.999953568 -0.000042589 -5.593385220 0.002070270 0.000022646 0.999997795 373.137268066
0.999953330 -0.009457781 -0.001993318 -0.690842271 0.009455712 0.999954760 -0.001044776 -5.615164757 0.002003109 0.001025879 0.999997437 374.731018066
0.999957204 -0.009065956 -0.001835982 -0.696532428 0.009063672 0.999958158 -0.001248617 -5.647726536 0.001847225 0.001231923 0.999997497 376.325592041
0.999955297 -0.009290360 -0.001740488 -0.693898082 0.009289255 0.999956667 -0.000641834 -5.684875488 0.001746375 0.000625637 0.999998271 377.948242188
0.999975801 -0.006906129 -0.000822197 -0.725817680 0.006904910 0.999975026 -0.001474808 -5.699337959 0.000832362 0.001469095 0.999998569 379.555694580
0.999985754 -0.005330850 -0.000278975 -0.736188591 0.005330673 0.999985576 -0.000632098 -5.730045319 0.000282341 0.000630602 0.999999762 381.161132812
0.999992847 -0.003785069 -0.000044964 -0.752909005 0.003784981 0.999991179 -0.001826988 -5.751965046 0.000051879 0.001826805 0.999998331 382.791229248
