1.000000000 0.000000000 0.000000000 0.000000000 0.000000000 1.000000000 0.000000000 0.000000000 0.000000000 0.000000000 1.000000000 0.000000000
0.999997377 0.001025582 0.002060357 -0.009375772 -0.001023347 0.999998868 -0.001085774 -0.016761530 -0.002061469 0.001083663 0.999997318 1.205853462
0.999972045 0.002329047 0.007098857 -0.067612685 -0.002319146 0.999996305 -0.001402582 -0.027278051 -0.007102097 0.001386080 0.999973834 2.413751364
0.999962807 0.001953562 0.008400887 -0.066375084 -0.001944492 0.999997437 -0.001087609 -0.047249250 -0.008402991 0.001071232 0.999964118 3.610433102
0.999953449 0.001866168 0.009463995 -0.060499530 -0.001854592 0.999997497 -0.001231782 -0.067943811 -0.009466270 0.001214173 0.999954462 4.812383652
0.999944508 0.001652017 0.010406182 -0.058278244 -0.001641415 0.999998093 -0.001027335 -0.090347387 -0.010407859 0.001010197 0.999945343 6.005887985
0.999937475 0.001909725 0.011015555 -0.046694472 -0.001887476 0.999996185 -0.002029792 -0.113272183 -0.011019388 0.002008874 0.999937296 7.204314709
0.999922156 0.001901107 0.012330584 -0.050125800 -0.001874904 0.999995947 -0.002136247 -0.139673263 -0.012334595 0.002112962 0.999921679 8.381196022
0.999919057 0.001810099 0.012588121 -0.041653037 -0.001801078 0.999998033 -0.000727950 -0.162176326 -0.012589414 0.000705219 0.999920487 9.579467773
0.999935269 0.001112529 0.011325155 -0.034824632 -0.001116860 0.999999225 0.000376160 -0.185738832 -0.011324728 -0.000388784 0.999935746 10.773338318
0.999960601 -0.000288810 0.008873080 -0.029277660 0.000290374 0.999999940 -0.000174926 -0.207676783 -0.008873030 0.000177495 0.999960601 11.978345871
0.999975204 -0.000072146 0.007031906 -0.029651195 0.000077229 0.999999642 -0.000722537 -0.225769088 -0.007031853 0.000723063 0.999974906 13.172605515
0.999984503 -0.000145343 0.005568500 -0.025575817 0.000149581 0.999999642 -0.000760561 -0.249953330 -0.005568389 0.000761383 0.999984145 14.374952316
0.999986291 0.001376757 0.005035331 -0.032023139 -0.001371770 0.999998510 -0.000993826 -0.270451427 -0.005036692 0.000986905 0.999986827 15.568710327
0.999989092 0.001159217 0.004512302 -0.032189317 -0.001155099 0.999998868 -0.000915127 -0.291328818 -0.004513358 0.000909905 0.999989390 16.771171570
0.999992967 0.000261589 0.003732428 -0.030526832 -0.000259132 0.999999762 -0.000658547 -0.310154974 -0.003732600 0.000657575 0.999992847 17.957483292
0.999993622 0.000376863 0.003545507 -0.035527132 -0.000376521 0.999999940 -0.000097237 -0.336936951 -0.003545544 0.000095902 0.999993742 19.157114029
0.999997258 0.000668357 0.002269044 -0.033629987 -0.000666396 0.999999523 -0.000864931 -0.361348808 -0.002269621 0.000863416 0.999997079 20.351877213
0.999996126 0.000301697 0.002761769 -0.053918764 -0.000296704 0.999998331 -0.001808255 -0.387695521 -0.002762311 0.001807428 0.999994516 21.563335419
0.999996662 0.001581715 0.002060742 -0.056823958 -0.001578883 0.999997854 -0.001375341 -0.406676322 -0.002062913 0.001372083 0.999996960 22.761329651
0.999997914 0.001299790 0.001535469 -0.072214752 -0.001297294 0.999997854 -0.001625565 -0.429201156 -0.001537577 0.001623570 0.999997497 23.945413589
0.999998927 0.001371534 0.000489663 -0.077202953 -0.001370376 0.999996305 -0.002358167 -0.450659782 -0.000492895 0.002357494 0.999997139 25.139461517
0.999998450 0.001726884 -0.000205853 -0.086949937 -0.001727145 0.999997675 -0.001275632 -0.481367350 0.000203650 0.001275986 0.999999106 26.331371307
0.999999642 0.000108012 -0.000866004 -0.094644517 -0.000107568 0.999999821 0.000512757 -0.503261566 0.000866059 -0.000512664 0.999999464 27.534881592
0.999998212 0.000132826 -0.001898023 -0.098796941 -0.000131946 0.999999821 0.000463746 -0.524951696 0.001898084 -0.000463495 0.999998093 28.725666046
0.999996126 -0.000631657 -0.002742570 -0.106973171 0.000630940 0.999999762 -0.000262096 -0.547689497 0.002742736 0.000260364 0.999996245 29.923957825
0.999993563 -0.000829952 -0.003493789 -0.115214258 0.000825758 0.999998927 -0.001201591 -0.569004774 0.003494783 0.001198698 0.999993145 31.115289688
0.999990463 -0.000188716 -0.004346029 -0.126717076 0.000183390 0.999999225 -0.001225854 -0.589142323 0.004346255 0.001225045 0.999989748 32.307182312
0.999987960 -0.000272779 -0.004888620 -0.139211148 0.000268952 0.999999642 -0.000783470 -0.610565543 0.004888831 0.000782146 0.999987781 33.514190674
0.999985337 -0.000982123 -0.005313095 -0.151373968 0.000979579 0.999999344 -0.000481352 -0.632342696 0.005313562 0.000476140 0.999985754 34.700172424
0.999980152 -0.001617420 -0.006087031 -0.157364130 0.001615341 0.999998689 -0.000346462 -0.656444609 0.006087582 0.000336622 0.999981344 35.900894165
0.999979138 -0.001515201 -0.006268712 -0.180335715 0.001511559 0.999998689 -0.000585598 -0.676154077 0.006269591 0.000576110 0.999980152 37.095108032
0.999977469 -0.002364320 -0.006274703 -0.192758188 0.002365085 0.999997139 0.000114468 -0.700038910 0.006274416 -0.000129306 0.999980330 38.292758942
0.999977767 -0.001913754 -0.006382270 -0.201485336 0.001921288 0.999997497 0.001174554 -0.714630187 0.006380006 -0.001186790 0.999979019 39.494419098
0.999976218 -0.001321998 -0.006765562 -0.209377468 0.001333940 0.999997556 0.001760887 -0.734245181 0.006763218 -0.001769870 0.999975622 40.683509827
0.999982357 -0.000771114 -0.005890010 -0.236871451 0.000779449 0.999998808 0.001413053 -0.751873016 0.005888913 -0.001417619 0.999981642 41.888874054
0.999981105 0.000272186 -0.006140246 -0.242354617 -0.000265816 0.999999464 0.001038239 -0.765280843 0.006140524 -0.001036586 0.999980628 43.080657959
0.999982059 0.002427762 -0.005470439 -0.260006666 -0.002410644 0.999992192 0.003133723 -0.785028696 0.005478003 -0.003120480 0.999980152 44.300392151
0.999991834 0.002645039 -0.003035821 -0.291906595 -0.002625647 0.999976218 0.006374002 -0.808457434 0.003052608 -0.006365978 0.999975026 45.492527008
0.999994755 0.002953441 -0.001346406 -0.302768320 -0.002941336 0.999956071 0.008905826 -0.817496061 0.001372649 -0.008901820 0.999959350 46.689903259
0.999995291 0.003058414 0.000371319 -0.301692307 -0.003062729 0.999920487 0.012236569 -0.825646579 -0.000333864 -0.012237649 0.999925077 47.886924744
0.999992609 0.002979583 0.002428749 -0.329421818 -0.003012744 0.999900699 0.013766090 -0.838360488 -0.002387492 -0.013773305 0.999902248 49.094684601
0.999991179 0.000939527 0.004095165 -0.330658495 -0.000989593 0.999924541 0.012240802 -0.842609107 -0.004083356 -0.012244747 0.999916673 50.309890747
0.999982417 0.002404002 0.005424237 -0.334963441 -0.002462067 0.999939382 0.010723477 -0.849650443 -0.005398129 -0.010736644 0.999927819 51.494789124
0.999979317 0.002452492 0.005937753 -0.331245989 -0.002513574 0.999943793 0.010301600 -0.855773509 -0.005912154 -0.010316313 0.999929309 52.702980042
0.999978662 0.002260627 0.006132059 -0.332747430 -0.002320488 0.999949515 0.009772515 -0.864666045 -0.006109658 -0.009786538 0.999933481 53.898075104
0.999981403 0.001381841 0.005941396 -0.337266177 -0.001432391 0.999962747 0.008512350 -0.875124454 -0.005929411 -0.008520702 0.999946117 55.104309082
0.999989808 0.001757439 0.004153998 -0.335659802 -0.001794652 0.999958158 0.008971840 -0.881540179 -0.004138055 -0.008979204 0.999951184 56.320198059
0.999994516 0.001366988 0.002999559 -0.341446340 -0.001397976 0.999945402 0.010353229 -0.897220552 -0.002985242 -0.010357369 0.999941885 57.513420105
0.999997795 0.000813342 0.001949065 -0.340014219 -0.000834233 0.999941945 0.010741402 -0.906077564 -0.001940215 -0.010743004 0.999940395 58.722557068
0.999996483 0.002446892 0.001010573 -0.346949667 -0.002457611 0.999939382 0.010745787 -0.919952869 -0.000984218 -0.010748232 0.999941766 59.916564941
0.999996185 0.002743307 0.000292714 -0.350502759 -0.002746168 0.999943614 0.010267134 -0.923841953 -0.000264534 -0.010267898 0.999947250 61.122375488
0.999998093 0.001853391 0.000644620 -0.362617373 -0.001859721 0.999948561 0.009962960 -0.936255515 -0.000626120 -0.009964140 0.999950111 62.325122833
0.999999523 0.000882587 0.000457137 -0.367505878 -0.000886793 0.999956429 0.009284663 -0.948105574 -0.000448923 -0.009285064 0.999956727 63.535285950
1.000000000 0.000132281 0.000099596 -0.370546430 -0.000133327 0.999944031 0.010579307 -0.964879334 -0.000098192 -0.010579322 0.999943972 64.723342896
0.999999940 -0.000319339 -0.000125290 -0.373597980 0.000320785 0.999931335 0.011715856 -0.967843533 0.000121538 -0.011715897 0.999931335 65.923995972
0.999999583 0.000787156 -0.000195895 -0.388244122 -0.000785079 0.999945760 0.010388222 -0.982793391 0.000204062 -0.010388066 0.999945998 67.115318298
0.999996483 0.002595278 0.000347333 -0.403151155 -0.002598413 0.999952912 0.009353025 -0.992881417 -0.000323041 -0.009353896 0.999956131 68.312232971
0.999989152 0.004654162 -0.000115709 -0.404843897 -0.004652815 0.999941826 0.009733646 -1.006468058 0.000161004 -0.009733001 0.999952555 69.504409790
0.999975741 0.006965642 0.000268051 -0.414709359 -0.006967927 0.999928117 0.009758959 -1.013253689 -0.000200055 -0.009760587 0.999952316 70.687644958
0.999969423 0.007810970 0.000318237 -0.422461659 -0.007813811 0.999917388 0.010208390 -1.022356510 -0.000238473 -0.010210568 0.999947786 71.891990662
0.999960542 0.008740717 0.001580773 -0.429551333 -0.008758469 0.999894381 0.011595983 -1.035360098 -0.001479250 -0.011609373 0.999931514 73.083702087
0.999940932 0.010294723 0.003470531 -0.432134628 -0.010335238 0.999876201 0.011865892 -1.037970781 -0.003347946 -0.011901062 0.999923587 74.283630371
0.999942720 0.009043430 0.005743682 -0.423008561 -0.009100460 0.999908745 0.009981582 -1.054281473 -0.005652891 -0.010033278 0.999933720 75.467033386
0.999947488 0.006377531 0.008029202 -0.416039884 -0.006416621 0.999967635 0.004852000 -1.064519882 -0.007997999 -0.004903264 0.999956012 76.641548157
0.999907553 0.007692884 0.011211169 -0.413992524 -0.007743375 0.999960184 0.004467157 -1.079140544 -0.011176356 -0.004553556 0.999927163 77.820373535
0.999886215 0.006326058 0.013696592 -0.399728537 -0.006437449 0.999946475 0.008103974 -1.094655395 -0.013644593 -0.008191222 0.999873400 79.002243042
0.999830961 0.006887198 0.017048690 -0.384202719 -0.007045428 0.999932528 0.009238390 -1.106087923 -0.016983913 -0.009356945 0.999812007 80.180709839
0.999757111 0.006705345 0.020996528 -0.364718676 -0.006867473 0.999947131 0.007659110 -1.118358493 -0.020944059 -0.007801444 0.999750197 81.349807739
0.999672890 0.005730866 0.024924418 -0.344811440 -0.005847916 0.999972343 0.004625851 -1.133703709 -0.024897212 -0.004770096 0.999678671 82.515396118
0.999590755 0.004479431 0.028254464 -0.315874577 -0.004512437 0.999989152 0.001104484 -1.149857759 -0.028249212 -0.001231529 0.999600172 83.675552368
0.999483585 0.003974315 0.031886671 -0.284550428 -0.003984857 0.999992013 0.000267053 -1.168788195 -0.031885356 -0.000393979 0.999491394 84.829345703
0.999367952 0.003819710 0.035341628 -0.244380474 -0.003895210 0.999990284 0.002067680 -1.191568375 -0.035333391 -0.002204036 0.999373138 85.996917725
0.999214947 0.004844398 0.039318662 -0.213241100 -0.004962692 0.999983490 0.002911553 -1.215451002 -0.039303914 -0.003104394 0.999222457 87.158363342
0.999065816 0.004534295 0.042973757 -0.161822796 -0.004555695 0.999989569 0.000400053 -1.232250810 -0.042971492 -0.000595454 0.999076128 88.311592102
0.998914957 0.004438210 0.046358041 -0.115668774 -0.004363189 0.999989033 -0.001719363 -1.253170252 -0.046365164 0.001515229 0.998923421 89.459541321
0.998765588 0.004597612 0.049458608 -0.061351299 -0.004491840 0.999987364 -0.002249532 -1.272773743 -0.049468327 0.002024595 0.998773754 90.634346008
0.998621166 0.003751642 0.052360937 -0.003514767 -0.003696337 0.999992490 -0.001153021 -1.292775035 -0.052364875 0.000957888 0.998627603 91.791114807
0.998470426 0.002577031 0.055225890 0.051965714 -0.002603393 0.999996543 0.000405418 -1.312595367 -0.055224653 -0.000548573 0.998473823 92.960418701
0.998320758 0.001837583 0.057897490 0.118023396 -0.001965702 0.999995768 0.002155991 -1.329830766 -0.057893284 -0.002266180 0.998320222 94.120208740
0.998190463 0.000222776 0.060130268 0.192090034 -0.000404071 0.999995410 0.003002912 -1.345513701 -0.060129330 -0.003021775 0.998186052 95.281188965
0.998029113 -0.000533992 0.062750615 0.250498295 0.000482037 0.999999523 0.000843106 -1.365120053 -0.062751032 -0.000811196 0.998028815 96.435470581
0.997894645 -0.001996278 0.064827017 0.328597069 0.002178005 0.999993920 -0.002732724 -1.384071827 -0.064821176 0.002868164 0.997892797 97.592712402
0.997762859 -0.001317115 0.066839844 0.400269985 0.001684949 0.999983728 -0.005447143 -1.405876398 -0.066831581 0.005547578 0.997748911 98.755332947
0.997642577 -0.001059713 0.068615884 0.475488186 0.001497859 0.999978840 -0.006334356 -1.429966211 -0.068607718 0.006422198 0.997623026 99.931846619
0.997614682 -0.000999310 0.069021635 0.553723335 0.001404992 0.999982059 -0.005829301 -1.452546358 -0.069014564 0.005912370 0.997598112 101.113059998
0.997664273 -0.001153282 0.068297826 0.625168800 0.001420685 0.999991655 -0.003866800 -1.483079076 -0.068292782 0.003954799 0.997657478 102.296089172
0.997744262 -0.001264090 0.067117587 0.697670460 0.001427891 0.999996185 -0.002392570 -1.502577424 -0.067114301 0.002483010 0.997742176 103.498260498
0.997872055 -0.001012766 0.065194376 0.767734528 0.001122609 0.999998033 -0.001648233 -1.521686316 -0.065192580 0.001717913 0.997871220 104.689422607
0.998046398 -0.000850782 0.062470593 0.840454578 0.000932194 0.999998748 -0.001274079 -1.539229870 -0.062469430 0.001329825 0.998046041 105.889976501
0.998208642 -0.000196577 0.059830621 0.901574135 0.000274327 0.999999046 -0.001291300 -1.559325218 -0.059830323 0.001305400 0.998207688 107.097709656
0.998422027 0.001059058 0.056146663 0.959385872 -0.000954174 0.999997735 -0.001894811 -1.574872494 -0.056148544 0.001838247 0.998420775 108.298248291
0.998631299 0.001428860 0.052282237 1.013523579 -0.001357354 0.999998033 -0.001403182 -1.594014406 -0.052284133 0.001330296 0.998631358 109.499488831
0.998825431 0.001620382 0.048424866 1.071234226 -0.001605751 0.999998629 -0.000341036 -1.614805698 -0.048425358 0.000262877 0.998826742 110.730102539
0.999035537 0.002275933 0.043849993 1.119187117 -0.002301124 0.999997199 0.000524002 -1.634627700 -0.043848678 -0.000624401 0.999037981 111.931579590
0.999216616 0.002303771 0.039505277 1.160221815 -0.002344155 0.999996781 0.000975957 -1.651163936 -0.039502896 -0.001067798 0.999218881 113.149795532
0.999403834 0.002754348 0.034412321 1.200853348 -0.002796351 0.999995410 0.001172522 -1.668521881 -0.034408931 -0.001268051 0.999406993 114.369094849
0.999545813 0.003553859 0.029923109 1.222329855 -0.003585417 0.999993205 0.001001081 -1.687999606 -0.029919345 -0.001107914 0.999551654 115.608108521
0.999683678 0.003813782 0.024858259 1.245409250 -0.003835046 0.999992371 0.000807840 -1.705570459 -0.024854986 -0.000902918 0.999690652 116.829330444
0.999782264 0.005115749 0.020231800 1.266617060 -0.005117073 0.999986827 0.000013668 -1.723240972 -0.020231465 -0.000117193 0.999795318 118.056259155
0.999833286 0.007134369 0.016808480 1.278670788 -0.007134879 0.999974549 -0.000029632 -1.740205050 -0.016808264 -0.000090299 0.999858737 119.295753479
0.999858022 0.008704811 0.014429078 1.291570902 -0.008708818 0.999962091 0.000214909 -1.762206912 -0.014426661 -0.000340539 0.999895871 120.517196655
0.999849796 0.010277255 0.013954679 1.290357232 -0.010273777 0.999947190 -0.000320817 -1.783979774 -0.013957239 0.000177402 0.999902606 121.779373169
0.999845862 0.012383080 0.012447720 1.301137447 -0.012383983 0.999923348 -0.000004385 -1.802871943 -0.012446820 -0.000149768 0.999922633 123.016746521
0.999835432 0.013636303 0.011974815 1.304542661 -0.013647441 0.999906480 0.000848495 -1.821308494 -0.011962128 -0.001011781 0.999927938 124.256614685
0.999847054 0.013339906 0.011310652 1.309504390 -0.013354804 0.999910057 0.001242483 -1.838324308 -0.011293060 -0.001393344 0.999935329 125.505607605
0.999793351 0.017236600 0.010776300 1.308007360 -0.017274145 0.999845028 0.003400663 -1.858785152 -0.010716014 -0.003586111 0.999936163 126.748970032
0.999781132 0.018255966 0.010221574 1.310254455 -0.018323768 0.999810517 0.006579400 -1.871547937 -0.010099523 -0.006765257 0.999926150 127.999946594
0.999808431 0.017260564 0.009221886 1.324974895 -0.017319188 0.999830067 0.006314988 -1.890791893 -0.009111318 -0.006473494 0.999937594 129.250015259
0.999822259 0.016323093 0.009427588 1.317393184 -0.016365642 0.999856114 0.004453911 -1.893424273 -0.009353529 -0.004607408 0.999945641 130.525497437
0.999872208 0.013667971 0.008291836 1.330980778 -0.013713695 0.999890924 0.005482959 -1.905413151 -0.008215990 -0.005595970 0.999950588 131.783309937
0.999910891 0.011165624 0.007318391 1.334891200 -0.011218686 0.999910712 0.007249977 -1.917415619 -0.007236786 -0.007331434 0.999946952 133.048080444
0.999937117 0.008146429 0.007721427 1.332154632 -0.008216465 0.999925017 0.009082351 -1.925501108 -0.007646861 -0.009145223 0.999928951 134.314147949
0.999956965 0.005970821 0.007111856 1.342028141 -0.006044198 0.999928296 0.010340914 -1.937002659 -0.007049602 -0.010383454 0.999921262 135.579910278
0.999970913 0.001818483 0.007407225 1.349528670 -0.001880208 0.999963522 0.008334744 -1.943685532 -0.007391799 -0.008348428 0.999937773 136.857192993
0.999969661 -0.000614011 0.007763081 1.353561163 0.000555173 0.999971151 0.007579042 -1.955528975 -0.007767512 -0.007574501 0.999941111 138.129455566
0.999969184 -0.001669087 0.007671306 1.364331007 0.001614291 0.999973178 0.007143622 -1.962330580 -0.007683024 -0.007131019 0.999944985 139.401214600
0.999963522 -0.001501769 0.008401053 1.365401983 0.001438628 0.999970675 0.007516845 -1.972097993 -0.008412095 -0.007504485 0.999936402 140.678695679
0.999964297 -0.001815053 0.008256585 1.387306690 0.001736360 0.999953032 0.009528058 -1.986598611 -0.008273493 -0.009513383 0.999920487 141.948181152
0.999959826 0.000416717 0.008954595 1.386964440 -0.000514818 0.999939799 0.010955902 -1.995311856 -0.008949491 -0.010960072 0.999899924 143.223358154
0.999949694 0.000603014 0.010012229 1.388008118 -0.000697107 0.999955535 0.009397022 -2.009995461 -0.010006119 -0.009403531 0.999905705 144.506484985
0.999945462 0.001378568 0.010348069 1.393606901 -0.001461171 0.999967098 0.007979169 -2.024587631 -0.010336729 -0.007993855 0.999914587 145.776718140
0.999943852 0.001363731 0.010510610 1.402319789 -0.001421673 0.999983788 0.005507196 -2.040552139 -0.010502931 -0.005521831 0.999929607 147.055221558
0.999934912 -0.000033407 0.011407274 1.406827688 0.000019214 0.999999225 0.001244315 -2.056496143 -0.011407305 -0.001244015 0.999934196 148.331314087
0.999921978 0.000058472 0.012492558 1.408019185 -0.000032945 0.999997914 -0.002043540 -2.079245090 -0.012492652 0.002042969 0.999919891 149.611694336
0.999926507 -0.000125183 0.012134542 1.425410867 0.000166050 0.999994338 -0.003366901 -2.101410627 -0.012134053 0.003368668 0.999920726 150.868835449
0.999926805 -0.000089063 0.012097984 1.435355663 0.000126617 0.999995232 -0.003103384 -2.126578808 -0.012097649 0.003104688 0.999921978 152.138305664
0.999929011 0.000565631 0.011901626 1.448627353 -0.000536763 0.999996901 -0.002428597 -2.156973362 -0.011902963 0.002422036 0.999926209 153.389633179
0.999931753 0.000485915 0.011676292 1.463062763 -0.000469132 0.999998868 -0.001439977 -2.180533648 -0.011676979 0.001434401 0.999930739 154.644699097
0.999929309 0.001862140 0.011746188 1.457344055 -0.001853081 0.999997973 -0.000782059 -2.208232164 -0.011747619 0.000760237 0.999930739 155.917968750
0.999937296 0.002436781 0.010928866 1.467764258 -0.002425417 0.999996483 -0.001052988 -2.230567932 -0.010931392 0.001026415 0.999939799 157.185760498
0.999939978 0.002622529 0.010640804 1.474280119 -0.002612418 0.999996066 -0.000964036 -2.251482010 -0.010643291 0.000936180 0.999942958 158.450469971
0.999948621 0.002008395 0.009937460 1.481470823 -0.002012479 0.999997854 0.000400976 -2.276194096 -0.009936634 -0.000420955 0.999950588 159.716110229
0.999950111 0.003230206 0.009452191 1.485793710 -0.003238016 0.999994457 0.000811000 -2.300637245 -0.009449520 -0.000841567 0.999954998 160.998489380
0.999957621 0.003298521 0.008605024 1.496196747 -0.003293922 0.999994457 -0.000548590 -2.318024874 -0.008606786 0.000520222 0.999962866 162.269332886
0.999958873 0.003942601 0.008167827 1.495231986 -0.003930645 0.999991179 -0.001479324 -2.343006849 -0.008173587 0.001447159 0.999965549 163.529235840
0.999961197 0.004925133 0.007316782 1.502608180 -0.004914264 0.999986768 -0.001502765 -2.364510536 -0.007324086 0.001466750 0.999972105 164.793350220
0.999966681 0.004255288 0.006966524 1.495301604 -0.004238233 0.999988019 -0.002461137 -2.389130354 -0.006976916 0.002431529 0.999972701 166.079208374
0.999973953 0.004438255 0.005704417 1.501268506 -0.004416353 0.999982953 -0.003846444 -2.409816027 -0.005721391 0.003821151 0.999976337 167.346557617
0.999971926 0.004785005 0.005767915 1.497619390 -0.004766773 0.999983609 -0.003170510 -2.442816496 -0.005782992 0.003142926 0.999978364 168.629898071
0.999976456 0.004998303 0.004688139 1.502576590 -0.004990589 0.999986172 -0.001655386 -2.470105171 -0.004696347 0.001631951 0.999987662 169.903854370
0.999978423 0.004999621 0.004256010 1.501507044 -0.004994318 0.999986768 -0.001255565 -2.493614912 -0.004262231 0.001234282 0.999990165 171.165405273
0.999977946 0.005574381 0.003611749 1.497673035 -0.005571344 0.999984145 -0.000850339 -2.516334772 -0.003616432 0.000830197 0.999993145 172.435211182
0.999979138 0.005819084 0.002792622 1.495523334 -0.005817345 0.999982893 -0.000630121 -2.540780306 -0.002796242 0.000613862 0.999995887 173.724411011
0.999977827 0.006213986 0.002397955 1.486596584 -0.006210638 0.999979734 -0.001401200 -2.567436695 -0.002406611 0.001386276 0.999996126 174.989028931
0.999973059 0.006995251 0.002211957 1.474632025 -0.006990798 0.999973595 -0.002014589 -2.589037418 -0.002225991 0.001999071 0.999995470 176.258850098
0.999973118 0.007146799 0.001683442 1.462511063 -0.007143738 0.999972880 -0.001817096 -2.607712746 -0.001696383 0.001805021 0.999996901 177.520767212
0.999971092 0.007355735 0.001891893 1.451676250 -0.007350374 0.999969006 -0.002824699 -2.633496523 -0.001912611 0.002810711 0.999994218 178.779174805
0.999978662 0.006327294 0.001595356 1.449349046 -0.006319658 0.999968708 -0.004746782 -2.653510809 -0.001625340 0.004736599 0.999987423 180.043289185
0.999994040 0.003063364 0.001577844 1.445348024 -0.003056384 0.999985576 -0.004407364 -2.682954073 -0.001591322 0.004402515 0.999989033 181.310287476
0.999992967 0.003425650 0.001492650 1.443246841 -0.003424375 0.999993742 -0.000855650 -2.706679821 -0.001495572 0.000850532 0.999998510 182.569992065
0.999995649 0.002551333 0.001447525 1.439664364 -0.002556438 0.999990463 0.003536075 -2.730490446 -0.001438488 -0.003539761 0.999992728 183.835983276
0.999991775 0.003774215 0.001440092 1.436262488 -0.003778380 0.999988675 0.002901218 -2.746971369 -0.001429122 -0.002906635 0.999994755 185.088470459
0.999982059 0.005523189 0.002281683 1.421438098 -0.005522382 0.999984622 -0.000359640 -2.764725685 -0.002283632 0.000347033 0.999997258 186.336395264
0.999984264 0.005422270 0.001425626 1.420232654 -0.005419328 0.999983132 -0.002059918 -2.790029287 -0.001436772 0.002052160 0.999996841 187.579986572
0.999984026 0.005515904 0.001133005 1.416159630 -0.005513831 0.999983132 -0.001824826 -2.813241482 -0.001143051 0.001818550 0.999997675 188.830001831
0.999986410 0.005031221 0.001368815 1.411211729 -0.005030189 0.999987066 -0.000755714 -2.836023092 -0.001372599 0.000748818 0.999998808 190.082733154
0.999985278 0.005189415 0.001534021 1.406390905 -0.005191637 0.999985456 0.001449046 -2.859483004 -0.001526479 -0.001456989 0.999997735 191.330261230
0.999985993 0.004674990 0.002447445 1.405570507 -0.004680234 0.999986708 0.002141151 -2.883335114 -0.002437402 -0.002152575 0.999994636 192.586807251
0.999981165 0.004701043 0.003920224 1.402796388 -0.004706795 0.999987841 0.001459133 -2.903136253 -0.003913316 -0.001477557 0.999991179 193.827621460
0.999979794 0.003645068 0.005197972 1.405814409 -0.003643702 0.999993265 -0.000272296 -2.922979832 -0.005198929 0.000253350 0.999986410 195.055236816
0.999971867 0.003457616 0.006660220 1.400490046 -0.003448846 0.999993086 -0.001327976 -2.950884342 -0.006664769 0.001304968 0.999976873 196.305725098
0.999962091 0.002824666 0.008247589 1.403972268 -0.002810959 0.999994576 -0.001673014 -2.977589607 -0.008252272 0.001649767 0.999964595 197.524017334
0.999949276 0.002876526 0.009655464 1.407390118 -0.002865427 0.999995232 -0.001163041 -3.000394344 -0.009658764 0.001135315 0.999952734 198.757614136
0.999938667 0.002528939 0.010791730 1.422083139 -0.002537965 0.999996483 0.000822806 -3.026816845 -0.010789611 -0.000850144 0.999941468 199.972015381
0.999920368 0.003488244 0.012130429 1.421663165 -0.003502351 0.999993205 0.001141952 -3.050990820 -0.012126364 -0.001184346 0.999925792 201.191253662
0.999903440 0.003738591 0.013392037 1.428327799 -0.003751067 0.999992430 0.000906560 -3.066482067 -0.013388550 -0.000956707 0.999909937 202.403030396
0.999901354 0.002752015 0.013773987 1.451116085 -0.002766048 0.999995649 0.000999855 -3.092650652 -0.013771178 -0.001037856 0.999904633 203.613006592
0.999869704 0.003427883 0.015775440 1.449347854 -0.003448089 0.999993205 0.001253791 -3.112437248 -0.015771035 -0.001308022 0.999874771 204.795303345
0.999861240 0.003899193 0.016193463 1.465831161 -0.003921274 0.999991417 0.001332046 -3.135069370 -0.016188128 -0.001395360 0.999868035 205.988555908
0.999838352 0.003106091 0.017712377 1.466827869 -0.003135125 0.999993742 0.001611662 -3.162903547 -0.017707260 -0.001666931 0.999841809 207.159973145
0.999833822 0.002630749 0.018039525 1.488383770 -0.002653777 0.999995708 0.001252748 -3.180153847 -0.018036151 -0.001300413 0.999836445 208.335922241
0.999826312 0.002705730 0.018439945 1.497931242 -0.002746667 0.999993861 0.002195049 -3.204913139 -0.018433888 -0.002245316 0.999827564 209.491043091
0.999833882 0.001887287 0.018129880 1.517231941 -0.001946218 0.999992907 0.003233367 -3.226709127 -0.018123649 -0.003268115 0.999830365 210.626327515
0.999840796 0.002236395 0.017707173 1.527359486 -0.002297221 0.999991536 0.003415478 -3.251245022 -0.017699383 -0.003455612 0.999837399 211.739883423
0.999845982 0.002954434 0.017297145 1.541101217 -0.002993497 0.999993026 0.002232971 -3.270912409 -0.017290426 -0.002284407 0.999847829 212.852401733
0.999856591 0.003448059 0.016581785 1.556022882 -0.003467219 0.999993324 0.001126842 -3.286103964 -0.016577788 -0.001184173 0.999861836 213.939575195
0.999863029 0.003077426 0.016257867 1.565357566 -0.003095665 0.999994576 0.001096741 -3.309104204 -0.016254403 -0.001146920 0.999867260 215.017562866
0.999882221 0.002531152 0.015133586 1.574779391 -0.002546610 0.999996185 0.001002249 -3.329302788 -0.015130990 -0.001040671 0.999885023 216.080291748
0.999908030 0.002128117 0.013396152 1.588153720 -0.002153309 0.999996066 0.001866553 -3.350064516 -0.013392127 -0.001895227 0.999908507 217.136001587
0.999936044 0.001366753 0.011237154 1.594117165 -0.001402663 0.999993980 0.003188395 -3.366972923 -0.011232730 -0.003203953 0.999931753 218.174468994
0.999955177 0.001518857 0.009354197 1.595436811 -0.001565863 0.999986112 0.005019818 -3.387134314 -0.009346444 -0.005034241 0.999943674 219.209442139
0.999971986 0.001751039 0.007281512 1.594882846 -0.001789833 0.999984205 0.005324613 -3.406206608 -0.007272071 -0.005337495 0.999959290 220.211059570
0.999987483 0.001863907 0.004661538 1.594086170 -0.001885680 0.999987364 0.004670762 -3.418770790 -0.004652773 -0.004679493 0.999978185 221.204116821
0.999994934 0.002178457 0.002312293 1.582993031 -0.002189293 0.999986529 0.004693713 -3.435650826 -0.002302037 -0.004698752 0.999986231 222.184371948
0.999995410 0.002738167 -0.001280416 1.587105989 -0.002731237 0.999981701 0.005383084 -3.454504728 0.001295129 -0.005379562 0.999984682 223.127960205
0.999986351 0.003068930 -0.004223268 1.577347517 -0.003046744 0.999981582 0.005249582 -3.473217964 0.004239300 -0.005236643 0.999977291 224.053115845
0.999970019 0.003451778 -0.006928485 1.560732126 -0.003420687 0.999984026 0.004494288 -3.485811472 0.006943888 -0.004470452 0.999965847 224.962982178
0.999945641 0.003020614 -0.009976944 1.543453455 -0.002983749 0.999988675 0.003707914 -3.500772953 0.009988030 -0.003677945 0.999943256 225.845596313
0.999906242 0.003674360 -0.013188903 1.532199383 -0.003620808 0.999985218 0.004081847 -3.527128696 0.013203705 -0.004033710 0.999904692 226.708450317
0.999862611 0.004128518 -0.016048953 1.509674788 -0.004075771 0.999986231 0.003317916 -3.541285992 0.016062429 -0.003252048 0.999865651 227.539428711
0.999812782 0.005472792 -0.018554680 1.485834122 -0.005411559 0.999979734 0.003348709 -3.559339762 0.018572632 -0.003247672 0.999822259 228.360458374
0.999795198 0.006341800 -0.019215770 1.466484547 -0.006274707 0.999973893 0.003549818 -3.569190979 0.019237783 -0.003428518 0.999809086 229.162338257
0.999795914 0.006581976 -0.019099841 1.451771736 -0.006488439 0.999966681 0.004955126 -3.590488434 0.019131819 -0.004830186 0.999805212 229.934677124
0.999807060 0.006424585 -0.018565565 1.432822227 -0.006323403 0.999964774 0.005503566 -3.603426695 0.018600274 -0.005385106 0.999812424 230.696365356
0.999818981 0.006002057 -0.018054962 1.414397717 -0.005907534 0.999968588 0.005284107 -3.619466305 0.018086111 -0.005176488 0.999823034 231.440750122
0.999816597 0.007216643 -0.017738504 1.398576736 -0.007157839 0.999968708 0.003376308 -3.630596638 0.017762316 -0.003248719 0.999836862 232.173873901
0.999829710 0.006999757 -0.017072849 1.386762857 -0.006978353 0.999974847 0.001312962 -3.644148588 0.017081615 -0.001193597 0.999853313 232.904144287
0.999855638 0.007348473 -0.015316861 1.364822388 -0.007350328 0.999972999 -0.000064847 -3.658823967 0.015315970 0.000177421 0.999882638 233.627655029
0.999868035 0.007860035 -0.014216039 1.356224298 -0.007871001 0.999968767 -0.000715617 -3.668608665 0.014209970 0.000827416 0.999898672 234.364700317
0.999895751 0.007478449 -0.012351696 1.344437361 -0.007489837 0.999971509 -0.000875881 -3.681601286 0.012344800 0.000968301 0.999923348 235.086029053
0.999918222 0.007353446 -0.010468002 1.333000422 -0.007363460 0.999972522 -0.000918290 -3.698297977 0.010460961 0.000995296 0.999944806 235.793228149
0.999935567 0.007387442 -0.008616769 1.324939489 -0.007398104 0.999971867 -0.001206181 -3.710029125 0.008607613 0.001269851 0.999962091 236.522674561
0.999950647 0.006956371 -0.007081215 1.326799035 -0.006966436 0.999974728 -0.001397686 -3.725762844 0.007071311 0.001446948 0.999973893 237.228454590
0.999968469 0.007091965 -0.003569104 1.310697556 -0.007094782 0.999974549 -0.000777567 -3.741467953 0.003563499 0.000802865 0.999993265 237.936614990
0.999981999 0.005947596 -0.000720259 1.316849709 -0.005947483 0.999982357 0.000156653 -3.758899212 0.000721176 -0.000152367 0.999999762 238.644668579
0.999984503 0.005031673 0.002356610 1.312719464 -0.005031312 0.999987304 -0.000158959 -3.765397549 -0.002357378 0.000147100 0.999997199 239.343536377
0.999976039 0.004568833 0.005198479 1.317564368 -0.004568571 0.999989510 -0.000062346 -3.780027151 -0.005198710 0.000038596 0.999986470 240.041152954
0.999955475 0.004398435 0.008343933 1.319749117 -0.004396469 0.999990284 -0.000253813 -3.794399261 -0.008344970 0.000217118 0.999965131 240.726654053
0.999923408 0.004400826 0.011568577 1.323840499 -0.004393251 0.999990046 -0.000680211 -3.807919741 -0.011571456 0.000629335 0.999932885 241.418441772
0.999884427 0.005239568 0.014277522 1.334942818 -0.005215687 0.999984860 -0.001709382 -3.819137812 -0.014286263 0.001634717 0.999896646 242.107574463
0.999830902 0.005747608 0.017467149 1.342738390 -0.005709843 0.999981225 -0.002211145 -3.832350731 -0.017479530 0.002111037 0.999845028 242.798599243
0.999781132 0.005576291 0.020166289 1.356033087 -0.005554376 0.999983907 -0.001142536 -3.847177505 -0.020172337 0.001030275 0.999796033 243.511077881
0.999737322 0.005718237 0.022195185 1.372773170 -0.005707658 0.999983609 -0.000539920 -3.859029055 -0.022197908 0.000413096 0.999753535 244.214111328
0.999680400 0.005764956 0.024616987 1.386430740 -0.005734255 0.999982715 -0.001317570 -3.868944883 -0.024624158 0.001175988 0.999696076 244.918106079
0.999615252 0.005196221 0.027247921 1.402110100 -0.005128452 0.999983549 -0.002556468 -3.884266376 -0.027260756 0.002415744 0.999625444 245.626449585
0.999558210 0.005427510 0.029224977 1.417976856 -0.005287515 0.999974132 -0.004865395 -3.896877289 -0.029250626 0.004708717 0.999561071 246.334060669
0.999537706 0.004354769 0.030090088 1.438905716 -0.004154519 0.999968767 -0.006714344 -3.908430576 -0.030118389 0.006586229 0.999524653 247.050720215
0.999545336 0.004602206 0.029798945 1.464390278 -0.004399558 0.999966800 -0.006862516 -3.924059629 -0.029829539 0.006728293 0.999532282 247.773941040
0.999560237 0.003046574 0.029497212 1.487880230 -0.002832716 0.999969542 -0.007289163 -3.941032410 -0.029518517 0.007202401 0.999538243 248.503189087
0.999538660 0.004614685 0.030016221 1.504626274 -0.004388035 0.999961376 -0.007612387 -3.955680847 -0.030050188 0.007477164 0.999520421 249.235610962
0.999530792 0.005160740 0.030188363 1.525269032 -0.004916523 0.999954581 -0.008158383 -3.970476151 -0.030229095 0.008006133 0.999510944 249.976440430
0.999520361 0.003890995 0.030721994 1.541933060 -0.003582138 0.999942541 -0.010101940 -3.990075350 -0.030759536 0.009987044 0.999476910 250.717208862
0.999513865 0.000367914 0.031172154 1.565258503 0.000008322 0.999927163 -0.012068621 -4.010612965 -0.031174324 0.012063014 0.999441087 251.465530396
0.999499083 -0.002866464 0.031514384 1.594027042 0.003272337 0.999912202 -0.012834940 -4.027237415 -0.031474825 0.012931638 0.999420881 252.231781006
0.999479532 -0.000324848 0.032253943 1.613106251 0.000617476 0.999958754 -0.009063047 -4.041271210 -0.032249670 0.009078247 0.999438584 253.009353638
0.999449790 0.003341113 0.032996550 1.623644352 -0.003243418 0.999990225 -0.003013821 -4.054898739 -0.033006299 0.002905142 0.999450862 253.795059204
0.999434292 0.002307923 0.033551630 1.649890900 -0.002321466 0.999997258 0.000364709 -4.070253372 -0.033550698 -0.000442391 0.999436855 254.577941895
0.999348104 0.001412957 0.036073484 1.676795959 -0.001333727 0.999996662 -0.002220299 -4.079725742 -0.036076508 0.002170740 0.999346673 255.380737305
0.999198139 0.002379022 0.039967656 1.711385727 -0.002060661 0.999965847 -0.008004774 -4.095306873 -0.039985336 0.007915996 0.999168813 256.183441162
0.999025464 0.004621403 0.043896403 1.735661507 -0.004113983 0.999923766 -0.011642789 -4.108658314 -0.043946862 0.011450853 0.998968184 256.987762451
0.998867214 0.006425926 0.047147341 1.768601418 -0.005900618 0.999919057 -0.011272559 -4.126880646 -0.047215961 0.010981591 0.998824298 257.802734375
0.998735249 0.004828574 0.050046135 1.815641403 -0.004375306 0.999948442 -0.009162595 -4.142903328 -0.050087806 0.008932039 0.998704851 258.646331787
0.998589158 0.001540904 0.053078514 1.863546371 -0.001235270 0.999982476 -0.005790477 -4.162695408 -0.053086508 0.005716739 0.998573482 259.480987549
0.998451829 -0.001476270 0.055604134 1.913760185 0.001723783 0.999988854 -0.004403640 -4.181319237 -0.055597011 0.004492670 0.998443246 260.318817139
0.998241484 -0.000023058 0.059278276 1.954523087 0.000264048 0.999991715 -0.004057568 -4.192593575 -0.059277691 0.004066086 0.998233259 261.178833008
0.998099685 0.002370585 0.061573800 2.005170822 -0.002004616 0.999979973 -0.006004660 -4.209412575 -0.061586801 0.005869817 0.998084486 262.017913818
0.997931659 0.003151534 0.064206272 2.048196793 -0.002621154 0.999961734 -0.008343123 -4.229468346 -0.064230107 0.008157574 0.997901797 262.860717773
0.997780919 0.003250973 0.066503637 2.109064102 -0.002686346 0.999959528 -0.008577827 -4.247637272 -0.066528857 0.008380140 0.997749269 263.706542969
0.997575462 0.004116032 0.069471672 2.159301758 -0.003681144 0.999972761 -0.006386801 -4.269954681 -0.069496088 0.006115579 0.997563422 264.543640137
0.997344255 0.005779352 0.072602466 2.214698792 -0.005433131 0.999972880 -0.004965300 -4.286735535 -0.072629206 0.004557653 0.997348607 265.392822266
0.997145236 0.006391517 0.075236753 2.283098221 -0.006020720 0.999968529 -0.005154195 -4.304819107 -0.075267352 0.004686500 0.997152328 266.247467041
0.996964753 0.006557611 0.077578261 2.348917007 -0.006139028 0.999965310 -0.005632902 -4.322563171 -0.077612527 0.005139549 0.996970356 267.089996338
0.996773124 0.004777435 0.080128528 2.414369583 -0.004297427 0.999971747 -0.006161862 -4.338586807 -0.080155723 0.005797631 0.996765494 267.925415039
0.996608198 0.001600169 0.082278974 2.488761902 -0.001173694 0.999985635 -0.005231391 -4.359911442 -0.082286172 0.005117076 0.996595621 268.800842285
0.996558666 0.001169383 0.082882844 2.563564301 -0.000722876 0.999985099 -0.005417019 -4.376310349 -0.082887955 0.005338463 0.996544600 269.646850586
0.996515691 0.000698632 0.083402209 2.628597260 -0.000255890 0.999985814 -0.005319088 -4.396448612 -0.083404742 0.005279213 0.996501803 270.490539551
0.996506631 -0.000324661 0.083513536 2.710704803 0.000737337 0.999987662 -0.004910646 -4.418543339 -0.083510928 0.004955069 0.996494591 271.383941650
0.996513724 0.000146630 0.083429962 2.775453568 0.000220541 0.999990344 -0.004391714 -4.435155869 -0.083429798 0.004394803 0.996504009 272.247406006
0.996554255 0.000490065 0.082942016 2.843034744 -0.000134423 0.999990761 -0.004293371 -4.449549198 -0.082943350 0.004267428 0.996545255 273.095825195
0.996684432 0.000217081 0.081364013 2.923816681 0.000191010 0.999987423 -0.005007821 -4.469498634 -0.081364073 0.005006758 0.996672034 273.977844238
0.996822596 0.000323995 0.079653166 2.989641190 0.000154197 0.999981999 -0.005997212 -4.488266468 -0.079653665 0.005990439 0.996804714 274.829254150
0.996927023 0.001106646 0.078327917 3.049493790 -0.000579873 0.999977052 -0.006747654 -4.508719921 -0.078333594 0.006681498 0.996904790 275.698883057
0.997035563 0.002363798 0.076905757 3.108581543 -0.001818119 0.999972582 -0.007164672 -4.527081490 -0.076920591 0.007003609 0.997012675 276.554229736
0.997186661 0.003419035 0.074880660 3.175695419 -0.002893861 0.999970436 -0.007120862 -4.550380230 -0.074902795 0.006884133 0.997167110 277.413696289
0.997353971 0.004172075 0.072579190 3.233415604 -0.003696404 0.999970794 -0.006686907 -4.567522049 -0.072604977 0.006400931 0.997340262 278.261627197
0.997556090 0.004015701 0.069754750 3.289937973 -0.003650140 0.999978960 -0.005367348 -4.584833145 -0.069774836 0.005099616 0.997549713 279.122375488
0.997851253 0.002595172 0.065468661 3.341395378 -0.002418317 0.999993205 -0.002780473 -4.605505466 -0.065475442 0.002616174 0.997850776 279.963012695
0.998178601 0.001014898 0.060320634 3.391884804 -0.000959200 0.999999166 -0.000952335 -4.625807285 -0.060321543 0.000892740 0.998178601 280.810363770
0.998418987 0.000612592 0.056206260 3.431048393 -0.000637829 0.999999702 0.000431068 -4.644447327 -0.056205977 -0.000466236 0.998419106 281.639038086
0.998665452 0.000311697 0.051645510 3.467814445 -0.000361480 0.999999523 0.000954602 -4.657381535 -0.051645182 -0.000971996 0.998665035 282.462615967
0.998901427 -0.000399898 0.046857167 3.505291939 0.000326153 0.999998689 0.001581460 -4.674303532 -0.046857737 -0.001564439 0.998900354 283.280761719
0.999110401 -0.001052415 0.042157020 3.535539627 0.000985779 0.999998152 0.001601411 -4.686756134 -0.042158633 -0.001558429 0.999109745 284.083496094
0.999268472 -0.001390062 0.038217485 3.556488991 0.001338787 0.999998093 0.001367228 -4.702280998 -0.038219314 -0.001315064 0.999268472 284.868560791
0.999411881 -0.001174339 0.034267873 3.578930378 0.001133428 0.999998569 0.001213203 -4.717475414 -0.034269251 -0.001173649 0.999411881 285.638488770
0.999534607 -0.000752792 0.030494001 3.594504356 0.000720439 0.999999166 0.001071915 -4.731157780 -0.030494783 -0.001049446 0.999534309 286.382446289
