1.000000000 -0.000000000 0.000000000 0.000000000 -0.000000000 1.000000000 0.000000000 0.000000000 0.000000000 0.000000000 1.000000000 0.000000477
0.999996006 -0.002443568 -0.001440668 -0.004843891 0.002447640 0.999992967 0.002830930 -0.014642076 0.001433739 -0.002834444 0.999994993 1.524389744
0.999991357 -0.002903677 -0.002961928 -0.008423802 0.002914741 0.999988794 0.003738525 -0.033319894 0.002951039 -0.003747126 0.999988675 3.047696590
0.999988616 -0.001888549 -0.004383320 -0.023344155 0.001903531 0.999992430 0.003416377 -0.048123933 0.004376835 -0.003424682 0.999984622 4.560662746
0.999982238 -0.001181258 -0.005849645 -0.040480990 0.001201319 0.999993503 0.003427195 -0.065024868 0.005845556 -0.003434162 0.999977052 6.055874348
0.999972582 -0.001507672 -0.007259037 -0.056007996 0.001532989 0.999992728 0.003483510 -0.075803392 0.007253732 -0.003494542 0.999967575 7.554297447
0.999956429 -0.001963586 -0.009118121 -0.070657946 0.002001018 0.999989629 0.004097919 -0.096839294 0.009109979 -0.004115986 0.999950051 9.068320274
0.999936283 -0.003687789 -0.010667101 -0.094538502 0.003722520 0.999987900 0.003237805 -0.110000029 0.010655032 -0.003277307 0.999937832 10.564189911
0.999914885 -0.004791763 -0.012146880 -0.110413074 0.004833856 0.999982297 0.003438364 -0.122182958 0.012130192 -0.003496787 0.999920249 12.047553062
0.999900222 -0.004370796 -0.013437524 -0.135124743 0.004416436 0.999984562 0.003368688 -0.139142156 0.013422596 -0.003427698 0.999904037 13.540609360
0.999884844 -0.004288716 -0.014555563 -0.162244290 0.004338667 0.999984860 0.003401994 -0.156086192 0.014540752 -0.003464754 0.999888301 15.028352737
0.999879658 -0.002642733 -0.015285364 -0.186083943 0.002704337 0.999988258 0.004010957 -0.171921298 0.015274585 -0.004051812 0.999875128 16.485820770
0.999874175 -0.001448054 -0.015799958 -0.220438287 0.001520574 0.999988317 0.004578791 -0.182974845 0.015793143 -0.004602239 0.999864757 17.958251953
0.999860525 -0.000513652 -0.016695499 -0.243138224 0.000607483 0.999984086 0.005615568 -0.198781610 0.016692350 -0.005624926 0.999844909 19.430276871
0.999854267 -0.000639779 -0.017060459 -0.274740547 0.000733683 0.999984622 0.005498489 -0.206752032 0.017056672 -0.005510205 0.999839365 20.895317078
0.999843240 0.000313177 -0.017702654 -0.307595223 -0.000214316 0.999984384 0.005586107 -0.217234254 0.017704124 -0.005581438 0.999827683 22.353826523
0.999842167 0.000559300 -0.017757010 -0.333967328 -0.000450711 0.999981105 0.006118697 -0.230650380 0.017760091 -0.006109728 0.999823689 23.815357208
0.999843299 0.001621169 -0.017631803 -0.366199404 -0.001492120 0.999972045 0.007329834 -0.240691781 0.017643187 -0.007302376 0.999817669 25.262937546
0.999843478 0.001982703 -0.017580302 -0.396881074 -0.001876385 0.999979854 0.006061933 -0.253089070 0.017591968 -0.006027996 0.999827147 26.700811386
0.999839723 0.002484032 -0.017726995 -0.433302045 -0.002412375 0.999988854 0.004062418 -0.262284577 0.017736888 -0.004019002 0.999834716 28.139928818
0.999851286 0.000804046 -0.017226035 -0.457006156 -0.000741767 0.999993145 0.003621483 -0.271083623 0.017228829 -0.003608167 0.999845088 29.563016891
0.999854684 -0.000241794 -0.017046472 -0.486495942 0.000350960 0.999979496 0.006401347 -0.288222581 0.017044572 -0.006406399 0.999834239 30.973268509
0.999858558 -0.001591210 -0.016746929 -0.522271156 0.001719802 0.999969065 0.007666976 -0.299804688 0.016734207 -0.007694693 0.999830544 32.390449524
0.999862194 -0.002155841 -0.016461400 -0.552317142 0.002268551 0.999974132 0.006831340 -0.306716383 0.016446246 -0.006867742 0.999841273 33.790328979
0.999870360 -0.002338688 -0.015933478 -0.580698311 0.002421873 0.999983490 0.005203476 -0.326607406 0.015921049 -0.005241390 0.999859452 35.175731659
0.999881208 -0.000971029 -0.015386382 -0.612370670 0.001037413 0.999990106 0.004307072 -0.339222699 0.015382050 -0.004322522 0.999872327 36.529617310
0.999892712 -0.000830930 -0.014624194 -0.639984965 0.000883583 0.999993145 0.003594293 -0.358723521 0.014621111 -0.003606829 0.999886513 37.903610229
0.999914706 -0.000162518 -0.013060336 -0.669810355 0.000224567 0.999988735 0.004749678 -0.374766767 0.013059419 -0.004752206 0.999903321 39.243988037
0.999929070 -0.000006997 -0.011909522 -0.690011561 0.000086977 0.999977469 0.006715109 -0.392971992 0.011909205 -0.006715668 0.999906480 40.572460175
0.999947727 -0.000468262 -0.010213831 -0.710433006 0.000547828 0.999969542 0.007788627 -0.408084214 0.010209871 -0.007793816 0.999917507 41.861648560
0.999968350 0.000128593 -0.007955397 -0.721671343 -0.000061029 0.999963999 0.008492668 -0.421820134 0.007956201 -0.008491917 0.999932349 43.164928436
0.999989986 -0.000106542 -0.004461785 -0.739476502 0.000141260 0.999969721 0.007781626 -0.432195425 0.004460821 -0.007782179 0.999959886 44.434734344
0.999998569 -0.001410212 -0.001001395 -0.739336193 0.001416367 0.999979973 0.006172061 -0.449044287 0.000992671 -0.006173470 0.999980390 45.675270081
0.999996305 -0.001255501 0.002462454 -0.746818721 0.001244543 0.999989390 0.004446664 -0.462700278 -0.002468011 -0.004443582 0.999987066 46.891101837
0.999977708 -0.000997614 0.006602363 -0.741322696 0.000963091 0.999985874 0.005230065 -0.483088940 -0.006607489 -0.005223589 0.999964535 48.117858887
0.999928415 -0.000520183 0.011959720 -0.739198983 0.000459362 0.999987006 0.005087710 -0.496807724 -0.011962214 -0.005081851 0.999915600 49.321739197
0.999827564 0.000689680 0.018558152 -0.728263557 -0.000766273 0.999991298 0.004120403 -0.512037992 -0.018555149 -0.004133912 0.999819338 50.540824890
0.999669850 0.001827804 0.025629560 -0.692624807 -0.001933792 0.999989808 0.004111242 -0.524004459 -0.025621781 -0.004159448 0.999663115 51.722572327
0.999412954 0.002943757 0.034133270 -0.657456994 -0.003112059 0.999983251 0.004878662 -0.532986999 -0.034118339 -0.004982023 0.999405444 52.908168793
0.999001801 0.004778173 0.044412825 -0.620643139 -0.005049332 0.999969304 0.005995261 -0.556955576 -0.044382807 -0.006213531 0.998995245 54.061832428
0.998340607 0.006996180 0.057158001 -0.566331148 -0.007341399 0.999956012 0.005831974 -0.568340540 -0.057114679 -0.006241915 0.998348057 55.209953308
0.997348011 0.009258247 0.072189711 -0.497386456 -0.009726872 0.999933779 0.006142696 -0.577545404 -0.072128072 -0.006828585 0.997371972 56.358150482
0.996026337 0.011446455 0.088321634 -0.408692837 -0.012167385 0.999896824 0.007628506 -0.588761806 -0.088225201 -0.008672834 0.996062756 57.484809875
0.994286478 0.011942955 0.106074229 -0.298725128 -0.012915730 0.999880493 0.008488436 -0.601487577 -0.105960168 -0.009809963 0.994321942 58.597778320
0.992105901 0.011418753 0.124881208 -0.165983677 -0.012485836 0.999891877 0.007765396 -0.614052892 -0.124779016 -0.009263343 0.992141366 59.683090210
0.989334285 0.010551872 0.145280182 -0.012655258 -0.011629501 0.999910831 0.006570304 -0.618087173 -0.145197868 -0.008189764 0.989368796 60.771747589
0.986086130 0.007904921 0.166046917 0.165943146 -0.009080185 0.999938905 0.006319941 -0.627819538 -0.165986821 -0.007739744 0.986097634 61.829574585
0.982240081 0.002475085 0.187612280 0.369462013 -0.004143177 0.999955356 0.008499552 -0.634600341 -0.187582880 -0.009125911 0.982206404 62.872367859
0.977591395 -0.002856721 0.210491925 0.596176147 0.000738023 0.999948382 0.010143330 -0.644345284 -0.210510030 -0.009760684 0.977542937 63.904857635
0.972029030 -0.007897962 0.234728277 0.841891289 0.005807263 0.999937236 0.009596786 -0.654326975 -0.234789357 -0.007965228 0.972013652 64.922340393
0.965573549 -0.014217763 0.259741962 1.119420052 0.012594305 0.999889433 0.007913485 -0.663094163 -0.259825766 -0.004369781 0.965645730 65.924064636
0.958079755 -0.017668987 0.285956651 1.417772293 0.015796131 0.999836028 0.008854975 -0.670361638 -0.286066234 -0.003966762 0.958201647 66.910301208
0.949404776 -0.020064577 0.313413858 1.725225449 0.017398056 0.999784708 0.011302835 -0.682114482 -0.313573211 -0.005278172 0.949549437 67.854904175
0.939692974 -0.024273455 0.341156870 2.065778732 0.020750171 0.999687016 0.013973251 -0.682617486 -0.341389209 -0.006051502 0.939902663 68.789833069
0.928820312 -0.027414538 0.369515032 2.437328339 0.024021646 0.999616444 0.013780846 -0.688090444 -0.369751066 -0.003923570 0.929122627 69.707801819
0.916692436 -0.026386421 0.398721188 2.824411392 0.024450341 0.999651551 0.009941243 -0.689839482 -0.398844600 0.000635806 0.917018354 70.602699280
0.903745055 -0.027907807 0.427160263 3.243442535 0.028632198 0.999578834 0.004728531 -0.696979761 -0.427112252 0.007957152 0.904163480 71.462242126
0.889543891 -0.029927768 0.455868602 3.685798645 0.032377228 0.999472797 0.002437155 -0.704497099 -0.455701143 0.012591805 0.890043736 72.310256958
0.873858392 -0.030711878 0.485209465 4.147029877 0.031845074 0.999475479 0.005910170 -0.714847028 -0.485136449 0.010286884 0.874378026 73.147880554
0.856122792 -0.029481750 0.515930951 4.639167786 0.027453944 0.999556243 0.011561083 -0.721143782 -0.516042888 0.004266635 0.856552184 73.969207764
0.836552560 -0.029771801 0.547077119 5.160583496 0.025609314 0.999555886 0.015235591 -0.725466132 -0.547287822 0.001264899 0.836943626 74.774963379
0.815561771 -0.023614665 0.578188062 5.698829651 0.021413963 0.999714255 0.010625455 -0.730064094 -0.578273714 0.003715585 0.815834403 75.540565491
0.793586314 -0.016679240 0.608229041 6.264011383 0.018444249 0.999824286 0.003352693 -0.732741416 -0.608178079 0.008557677 0.793754518 76.290702820
0.771103263 -0.014245032 0.636550903 6.854911804 0.017488575 0.999846339 0.001189770 -0.734781444 -0.636469960 0.010214933 0.771233857 77.009536743
0.747733772 -0.016675405 0.663789153 7.480751038 0.018575078 0.999818742 0.004192856 -0.737985849 -0.663738847 0.009194795 0.747907937 77.709808350
0.723257303 -0.017330309 0.690361202 8.113063812 0.018882997 0.999807596 0.005315638 -0.759853423 -0.690320551 0.009191513 0.723445356 78.375999451
0.697881579 -0.015046710 0.716055036 8.765148163 0.019231625 0.999812603 0.002265872 -0.763917983 -0.715954900 0.012189592 0.698040128 79.009719849
0.671723723 -0.013000079 0.740687549 9.439197540 0.019117093 0.999817371 0.000211015 -0.777120590 -0.740555108 0.014018053 0.671849489 79.616912842
0.644718468 -0.010367963 0.764349759 10.132530212 0.017180504 0.999851942 -0.000929104 -0.783239126 -0.764227033 0.013730925 0.644801140 80.203247070
0.616640449 -0.008973910 0.787193894 10.854022980 0.016966674 0.999854326 -0.001892467 -0.799127460 -0.787062049 0.014523034 0.616702914 80.771751404
0.588124394 -0.002790906 0.808765650 11.588970184 0.015577283 0.999847710 -0.007877313 -0.815805316 -0.808620453 0.017231211 0.588078201 81.302719116
0.557987690 0.006826856 0.829821229 12.357685089 0.014202087 0.999741197 -0.017774526 -0.829692125 -0.829727769 0.021703158 0.557746232 81.825149536
0.527677894 0.015136959 0.849309742 13.140533447 0.013254531 0.999572814 -0.026050115 -0.850999355 -0.849341214 0.025003273 0.527251780 82.304122925
0.495382220 0.020050960 0.868443549 13.945556641 0.010343107 0.999526620 -0.028977420 -0.881582022 -0.868613541 0.023337310 0.494940341 82.782196045
0.462862492 0.019462744 0.886216462 14.777805328 0.008587700 0.999613643 -0.026438402 -0.913308263 -0.886388481 0.019847909 0.462516576 83.221527100
0.429633439 0.018354869 0.902816832 15.624227524 0.003871966 0.999746680 -0.022168119 -0.939711690 -0.902995110 0.013019841 0.429453582 83.632537842
0.395394057 0.019284835 0.918309093 16.480091095 -0.000235793 0.999781668 -0.020894265 -0.972666800 -0.918511510 0.008044936 0.395312309 84.006935120
0.360043555 0.022431955 0.932665706 17.360204697 -0.007441465 0.999748111 -0.021172697 -1.000274777 -0.932905853 0.000682695 0.360119790 84.369163513
0.324637979 0.024355272 0.945524633 18.261722565 -0.012459957 0.999691784 -0.021472508 -1.028309822 -0.945756376 -0.004810404 0.324841410 84.678253174
0.288324386 0.023449190 0.957245588 19.164640427 -0.014945783 0.999688447 -0.019987198 -1.058071852 -0.957416117 -0.008543988 0.288585067 84.967391968
0.251896352 0.023467004 0.967469692 20.119522095 -0.015952902 0.999670744 -0.020094479 -1.080091476 -0.967622638 -0.010372224 0.252187788 85.227912903
0.215858117 0.022886144 0.976156533 21.063941956 -0.015548171 0.999679089 -0.019999454 -1.106164455 -0.976300895 -0.010860404 0.216144666 85.437477112
0.180809498 0.021738926 0.983277917 22.022972107 -0.013421153 0.999717116 -0.019634433 -1.131070137 -0.983426571 -0.009646630 0.181050107 85.607009888
0.146261796 0.020487923 0.989033759 22.995548248 -0.004689245 0.999788642 -0.020017257 -1.164835215 -0.989234746 -0.001710062 0.146326989 85.743614197
0.112706274 0.023759950 0.993344307 23.963605881 -0.002776874 0.999717712 -0.023597332 -1.196999311 -0.993624449 -0.000098825 0.112740427 85.847389221
0.079031698 0.028481830 0.996465147 24.933383942 -0.002138846 0.999594271 -0.028401639 -1.233071446 -0.996869743 0.000113345 0.079060547 85.943405151
0.050241709 0.032763708 0.998199582 25.943313599 0.004975785 0.999441206 -0.033054896 -1.260929346 -0.998724699 0.006627560 0.050050601 85.987495422
0.024803840 0.031013161 0.999211192 26.929027557 0.007173384 0.999487519 -0.031199796 -1.293695092 -0.999666691 0.007941600 0.024568653 86.004066467
0.002074495 0.027835462 0.999610484 27.917963028 0.008281682 0.999577820 -0.027851738 -1.332004547 -0.999963582 0.008336233 0.001843087 86.008880615
-0.016298130 0.025622876 0.999538839 28.968891144 0.008601314 0.999638140 -0.025485169 -1.369969368 -0.999830127 0.008181986 -0.016512629 85.987907410
-0.032826073 0.028752621 0.999047458 29.963691711 0.010573435 0.999540210 -0.028419377 -1.406012654 -0.999405086 0.009630464 -0.033114992 85.951896667
-0.047603548 0.032898597 0.998324394 30.956266403 0.012924176 0.999394000 -0.032317575 -1.442844152 -0.998782754 0.011364088 -0.047999892 85.904228210
-0.059397534 0.038617261 0.997487068 31.967237473 0.016978165 0.999146044 -0.037670482 -1.475374222 -0.998090148 0.014697966 -0.060002450 85.836540222
-0.068227962 0.042054791 0.996782959 32.962120056 0.022268139 0.998926520 -0.040621012 -1.520566821 -0.997421265 0.019425012 -0.069091193 85.761543274
-0.074202180 0.047369462 0.996117592 33.960136414 0.025909318 0.998625576 -0.045558702 -1.569127679 -0.996906579 0.022428172 -0.075327516 85.682075500
-0.077546522 0.051838662 0.995640159 34.962631226 0.028019885 0.998366117 -0.049798235 -1.625525594 -0.996594906 0.024036041 -0.078872330 85.598556519
-0.080684640 0.056027841 0.995163739 35.966667175 0.029455794 0.998116970 -0.053805914 -1.682517648 -0.996304333 0.024972035 -0.082183041 85.515907288
-0.082962468 0.058944136 0.994808018 36.967262268 0.029983031 0.997944891 -0.056629572 -1.743471742 -0.996101558 0.025129229 -0.084559314 85.428848267
-0.085459046 0.062619507 0.994371891 37.990051270 0.031389691 0.997696817 -0.060131162 -1.804995179 -0.995847166 0.026074274 -0.087227829 85.335182190
-0.087361827 0.066695385 0.993941426 38.998588562 0.032583199 0.997413635 -0.064064488 -1.869400740 -0.995643675 0.026789006 -0.089309037 85.239982605
-0.089309759 0.067807205 0.993693054 40.004650116 0.035540443 0.997261465 -0.064856447 -1.942790985 -0.995369613 0.029523984 -0.091475070 85.143356323
-0.091641344 0.066193745 0.993589580 41.020404816 0.035713624 0.997364759 -0.063151300 -2.017673254 -0.995151520 0.029697416 -0.093763851 85.052780151
-0.093829080 0.066092186 0.993392169 42.040306091 0.034891073 0.997399390 -0.063063227 -2.087601185 -0.994976699 0.028743353 -0.095891088 84.958068848
-0.096295029 0.067799889 0.993041098 43.073600769 0.034699459 0.997299612 -0.064725839 -2.153355598 -0.994747758 0.028225208 -0.098387614 84.860717773
-0.098443568 0.069761120 0.992694438 44.078948975 0.034244046 0.997186542 -0.066680901 -2.229269743 -0.994553268 0.027429571 -0.100555532 84.758338928
-0.101176694 0.071996242 0.992259920 45.112083435 0.032584265 0.997082770 -0.069023684 -2.307957172 -0.994334698 0.025348486 -0.103227489 84.656303406
-0.103599980 0.075360231 0.991760015 46.134559631 0.030059600 0.996907234 -0.072611317 -2.387897015 -0.994164884 0.022289384 -0.105544828 84.552871704
-0.105881318 0.079649962 0.991183698 47.172950745 0.026356900 0.996661484 -0.077274628 -2.465038061 -0.994029522 0.017942589 -0.107627138 84.448738098
-0.108540349 0.082027584 0.990701973 48.219512939 0.024090506 0.996514201 -0.079869486 -2.550078630 -0.993800104 0.015197451 -0.110138088 84.333686829
-0.111663111 0.080228716 0.990502238 49.269752502 0.022452287 0.996684968 -0.078198366 -2.639872313 -0.993492484 0.013507169 -0.113094263 84.218582153
-0.114016414 0.076397754 0.990537107 50.324462891 0.019532740 0.997018516 -0.074649319 -2.723208904 -0.993286788 0.010836652 -0.115168735 84.095954895
-0.116574280 0.074549988 0.990380108 51.377128601 0.019828845 0.997154891 -0.072725967 -2.809570312 -0.992983937 0.011160115 -0.117720827 83.977836609
-0.118481390 0.074921750 0.990125716 52.415630341 0.019240363 0.997135460 -0.073149800 -2.896826267 -0.992769897 0.010383490 -0.119583517 83.857711792
-0.119863972 0.078112848 0.989712596 53.466293335 0.020044627 0.996887028 -0.076251492 -2.972978592 -0.992587984 0.010698612 -0.121056594 83.735649109
-0.120463759 0.080600999 0.989440262 54.522239685 0.020936277 0.996683002 -0.078642040 -3.064416170 -0.992497027 0.011241680 -0.121751674 83.605720520
-0.120793030 0.081342921 0.989339352 55.582653046 0.019464856 0.996639431 -0.079566583 -3.151044607 -0.992486835 0.009646261 -0.121970430 83.471534729
-0.120861486 0.080233276 0.989421606 56.638336182 0.016499292 0.996752858 -0.078812316 -3.239221573 -0.992532253 0.006799385 -0.121792823 83.351692200
-0.121374741 0.079573154 0.989412010 57.702140808 0.011773115 0.996826768 -0.078725241 -3.325340748 -0.992536902 0.002093208 -0.121926405 83.233459473
-0.120933585 0.080598280 0.989383161 58.781536102 0.008597563 0.996746004 -0.080147177 -3.421852589 -0.992623508 -0.001186202 -0.121232994 83.103179932
-0.121087641 0.080980845 0.989333093 59.855148315 0.004621520 0.996701956 -0.081018366 -3.511226416 -0.992631078 -0.005238102 -0.121062525 82.980766296
-0.121621482 0.079905413 0.989355087 60.939556122 0.001097999 0.996764600 -0.080368891 -3.609955311 -0.992576003 -0.008688274 -0.121315733 82.853813171
-0.121616304 0.074900165 0.989747107 62.035533905 0.001832978 0.997164249 -0.075236201 -3.702268600 -0.992575645 -0.007335762 -0.121408686 82.726608276
-0.122169033 0.066482008 0.990280211 63.129684448 0.004782831 0.997782052 -0.066395566 -3.784115553 -0.992497802 -0.003375139 -0.122216038 82.598968506
-0.121507734 0.060958747 0.990716815 64.224708557 0.010854773 0.998134375 -0.060083836 -3.868934155 -0.992531121 0.003453355 -0.121942744 82.458389282
-0.120731056 0.063358836 0.990661204 65.326889038 0.019424748 0.997920811 -0.061455853 -3.940567017 -0.992495239 0.011823718 -0.121710740 82.306610107
-0.119291380 0.069149122 0.990448356 66.414489746 0.024994124 0.997464776 -0.066628642 -4.011670113 -0.992544711 0.016807171 -0.120717272 82.168678284
-0.118380733 0.074387021 0.990178049 67.518943787 0.028523199 0.997033298 -0.071491927 -4.095795155 -0.992558599 0.019779779 -0.120151289 82.030296326
-0.118454561 0.078906715 0.989819348 68.601974487 0.029126054 0.996684790 -0.075968407 -4.178772926 -0.992532253 0.019830720 -0.120360114 81.913894653
-0.118028097 0.076474346 0.990061164 69.721252441 0.025779527 0.996930182 -0.073931642 -4.259880066 -0.992675722 0.016797297 -0.119637214 81.786003113
-0.117956564 0.071990974 0.990405858 70.821495056 0.025641808 0.997256935 -0.069435038 -4.349643707 -0.992687762 0.017205469 -0.119478971 81.666717529
-0.117393851 0.069579892 0.990644991 71.987739563 0.023576785 0.997456610 -0.067264415 -4.437376499 -0.992805541 0.015459793 -0.118735746 81.513580322
-0.117517032 0.070443228 0.990569413 73.115692139 0.021448581 0.997428298 -0.068386421 -4.516280651 -0.992839277 0.013209735 -0.118725725 81.389205933
-0.117102049 0.075454064 0.990249395 74.250495911 0.023054011 0.997047424 -0.073245808 -4.603649139 -0.992852271 0.014251986 -0.118495822 81.251838684
-0.116236843 0.078406669 0.990121961 75.399536133 0.022591364 0.996830165 -0.076285727 -4.687173843 -0.992964625 0.013500993 -0.117639676 81.108596802
-0.115679681 0.077255212 0.990277708 76.535545349 0.022367844 0.996920586 -0.075160526 -4.773448944 -0.993034661 0.013455829 -0.117051490 80.978912354
-0.114905901 0.070365049 0.990881205 77.689025879 0.024151638 0.997391224 -0.068026625 -4.865966797 -0.993082762 0.016114743 -0.116305567 80.842163086
-0.115618192 0.069086418 0.990888298 78.838821411 0.023443360 0.997490168 -0.066811316 -4.944844723 -0.993017018 0.015505147 -0.116947643 80.710197449
-0.115193717 0.072123513 0.990721345 79.977943420 0.021118594 0.997312903 -0.070147887 -5.030510902 -0.993118465 0.012842045 -0.116407365 80.585685730
-0.115334302 0.075001679 0.990491211 81.121665955 0.020121479 0.997117162 -0.073160440 -5.117683411 -0.993122876 0.011492243 -0.116510950 80.467880249
-0.115494065 0.074809328 0.990487218 82.288932800 0.018446185 0.997149467 -0.073161639 -5.197015285 -0.993136883 0.009820972 -0.116544813 80.336685181
-0.114848599 0.071704015 0.990791798 83.472343445 0.018073482 0.997377157 -0.070085593 -5.282037735 -0.993218541 0.009857825 -0.115843318 80.196357727
-0.113873027 0.070713624 0.990975618 84.657516479 0.018477535 0.997441828 -0.069051810 -5.368623734 -0.993323386 0.010447647 -0.114888363 80.060943604
-0.112602465 0.070341118 0.991147280 85.856712341 0.020002799 0.997449458 -0.068515882 -5.470518112 -0.993438780 0.012110657 -0.113722287 79.913085938
-0.111260913 0.071136691 0.991241932 87.051498413 0.021944232 0.997367442 -0.069113165 -5.548778057 -0.993548930 0.014062448 -0.112529039 79.774139404
-0.110518977 0.070279464 0.991386116 88.247734070 0.021475445 0.997432709 -0.068314023 -5.640673161 -0.993641973 0.013740459 -0.111744523 79.652702332
-0.109071814 0.070441082 0.991534829 89.436172485 0.023212356 0.997394502 -0.068303943 -5.732886791 -0.993762851 0.015565824 -0.110422708 79.505935669
-0.107700266 0.068922505 0.991791487 90.638320923 0.023199242 0.997496724 -0.066799745 -5.815191746 -0.993912756 0.015814463 -0.109029613 79.375534058
-0.106688954 0.068033151 0.991962194 91.851882935 0.021928789 0.997574687 -0.066059567 -5.902060509 -0.994050622 0.014704705 -0.107922062 79.247238159
-0.105346583 0.067463867 0.992144585 93.063156128 0.022985326 0.997594774 -0.065393895 -5.986431599 -0.994169950 0.015915746 -0.106643878 79.122917175
-0.103210390 0.067848228 0.992342830 94.293357849 0.021026842 0.997596681 -0.066020519 -6.079666615 -0.994437218 0.014051837 -0.104388975 78.990272522
-0.102462940 0.070793658 0.992214561 95.510292053 0.021002017 0.997395933 -0.068994559 -6.162185669 -0.994515181 0.013769122 -0.103682913 78.872001648
-0.101661004 0.069543339 0.992385447 96.732002258 0.018308844 0.997515440 -0.068027265 -6.248086929 -0.994650722 0.011253709 -0.102681674 78.757926941
-0.100933872 0.068061776 0.992562294 97.971420288 0.015194592 0.997646332 -0.066865243 -6.345801353 -0.994777143 0.008332610 -0.101730473 78.637886047
-0.100800186 0.069232918 0.992495000 99.208747864 0.012397376 0.997585833 -0.068328924 -6.430976391 -0.994829535 0.005416763 -0.101415135 78.516510010
-0.101128183 0.068562627 0.992508113 100.429428101 0.009232431 0.997644186 -0.067976743 -6.521759987 -0.994830549 0.002288897 -0.101522952 78.398765564
-0.102192141 0.065747902 0.992589593 101.674179077 0.006327934 0.997836173 -0.065443940 -6.614774704 -0.994744480 -0.000406817 -0.102387086 78.275375366
-0.103604510 0.064498849 0.992525041 102.934646606 0.004121477 0.997914493 -0.064418845 -6.703398228 -0.994610071 -0.002583413 -0.103654280 78.157341003
-0.105705619 0.064017877 0.992334604 104.196907043 0.001965454 0.997937143 -0.064169928 -6.788156509 -0.994395494 -0.004832734 -0.105613396 78.043235779
-0.106682584 0.063598707 0.992256999 105.445915222 0.002017642 0.997964144 -0.063747570 -6.887205601 -0.994291127 -0.004798736 -0.106593698 77.903564453
-0.108850852 0.062223002 0.992108703 106.703445435 0.001576546 0.998048604 -0.062422559 -6.973466396 -0.994056761 -0.005230646 -0.108736545 77.769294739
-0.112331115 0.057531383 0.992003918 107.976806641 -0.001625198 0.998310566 -0.058081169 -7.057817459 -0.993669510 -0.008136523 -0.112047814 77.640502930
-0.117143258 0.057564247 0.991445363 109.234039307 -0.002474891 0.998298764 -0.058254581 -7.137760639 -0.993112028 -0.009277849 -0.116801493 77.504318237
-0.122048318 0.063466027 0.990493059 110.469406128 -0.006875277 0.997875571 -0.064786248 -7.223813057 -0.992500365 -0.014716965 -0.121352702 77.354125977
-0.129671603 0.066416122 0.989330173 111.689155579 -0.006363378 0.997678041 -0.067810588 -7.311721325 -0.991536617 -0.015088588 -0.128947884 77.211273193
-0.137984365 0.062747166 0.988444805 112.944244385 -0.003980960 0.997947931 -0.063906193 -7.401475906 -0.990426540 -0.012753013 -0.137451425 77.030273438
-0.148696944 0.060793247 0.987012327 114.173110962 -0.001731918 0.998090982 -0.061736532 -7.490198135 -0.988881290 -0.010889458 -0.148307756 76.847702026
-0.161881968 0.061468922 0.984893858 115.392066956 -0.001586505 0.998040617 -0.062550202 -7.581649780 -0.986809015 -0.011688289 -0.161467239 76.658126831
-0.175626755 0.061608348 0.982527316 116.611244202 0.000667260 0.998047173 -0.062462244 -7.669301033 -0.984456658 -0.010314438 -0.175324887 76.439010620
-0.190476865 0.059656929 0.979877353 117.833587646 0.000833512 0.998161435 -0.060608052 -7.753457069 -0.981691360 -0.010727693 -0.190176338 76.218681335
-0.205411240 0.062215682 0.976696312 119.033355713 0.005016635 0.998031139 -0.062519662 -7.841332436 -0.978662848 -0.007942513 -0.205318928 75.962875366
-0.221071497 0.065401904 0.973062217 120.206161499 0.005023264 0.997812033 -0.065924145 -7.931557655 -0.975244701 -0.009686006 -0.220916346 75.709075928
-0.236517414 0.069402263 0.969145417 121.370773315 0.004683895 0.997515619 -0.070290796 -8.018203735 -0.971615970 -0.012085625 -0.236254871 75.432952881
-0.252046913 0.067203820 0.965378702 122.550964355 0.001405355 0.997610092 -0.069080643 -8.115921974 -0.967714012 -0.016054865 -0.251538992 75.133613586
-0.268199831 0.061447170 0.961401582 123.712249756 -0.004178993 0.997880161 -0.064944446 -8.207509041 -0.963354230 -0.021435786 -0.267374516 74.829421997
-0.284177691 0.057347223 0.957054973 124.892272949 -0.008372216 0.998023093 -0.062288009 -8.294178963 -0.958735049 -0.025713529 -0.283135712 74.503982544
-0.299532801 0.058735538 0.952276289 126.038497925 -0.010267947 0.997847021 -0.064776003 -8.380069733 -0.954030752 -0.029180460 -0.298284769 74.161071777
-0.313405544 0.060980629 0.947659433 127.194320679 -0.010246378 0.997660935 -0.067586780 -8.465803146 -0.949564040 -0.030892149 -0.312047541 73.781677246
-0.327418417 0.063161567 0.942766070 128.328659058 -0.008848870 0.997514665 -0.069902658 -8.557143211 -0.944838047 -0.031229831 -0.326045692 73.399826050
-0.341586113 0.062718190 0.937755406 129.467269897 -0.006649536 0.997584760 -0.069141798 -8.658442497 -0.939827025 -0.029853517 -0.340343982 72.990112305
-0.355577141 0.060509555 0.932686150 130.589675903 -0.007081816 0.997699082 -0.067427263 -8.753259659 -0.934620202 -0.030580699 -0.354330480 72.574996948
-0.369986862 0.059379384 0.927137434 131.715225220 -0.007070977 0.997746527 -0.066723384 -8.845795631 -0.929010093 -0.031242544 -0.368733257 72.130371094
-0.384758651 0.060801007 0.921012521 132.811447144 -0.008454887 0.997554123 -0.069386005 -8.937658310 -0.922978580 -0.034483925 -0.383303523 71.686004639
-0.400067091 0.063000135 0.914317966 133.889114380 -0.007530035 0.997375011 -0.072017930 -9.028676987 -0.916454971 -0.035696846 -0.398542523 71.233009338
-0.414648682 0.064562827 0.907688379 135.018905640 -0.006472071 0.997245371 -0.073889472 -9.124635696 -0.909958541 -0.036512800 -0.413088709 70.733612061
-0.428655267 0.067326665 0.900956035 136.097900391 -0.003213686 0.997099519 -0.076040275 -9.222506523 -0.903462410 -0.035490461 -0.427195638 70.216369629
-0.444171220 0.070197709 0.893187582 137.180999756 -0.004072505 0.996757388 -0.080362700 -9.325228691 -0.895932674 -0.039332315 -0.442445070 69.702827454
-0.459011883 0.072547376 0.885463119 138.243057251 -0.002963064 0.996529877 -0.083183274 -9.424708366 -0.888425171 -0.040805798 -0.457204193 69.157791138
-0.474566191 0.069768436 0.877450466 139.323379517 -0.004383485 0.996654093 -0.081617430 -9.529537201 -0.880208910 -0.042579163 -0.472672462 68.597145081
-0.490826815 0.065365151 0.868801713 140.396881104 -0.007355793 0.996835351 -0.079153508 -9.633104324 -0.871226072 -0.045241389 -0.488792747 68.011451721
-0.506745458 0.065326899 0.859616995 141.465499878 -0.007852779 0.996733546 -0.080376349 -9.738123894 -0.862059891 -0.047480743 -0.504577339 67.400169373
-0.522522509 0.064631991 0.850172281 142.515731812 -0.008863509 0.996657133 -0.081215680 -9.838274002 -0.852579355 -0.049972538 -0.520202994 66.769340515
-0.538422823 0.063759141 0.840259254 143.560012817 -0.009260973 0.996625543 -0.081558518 -9.937664986 -0.842623949 -0.051694594 -0.536015451 66.112442017
-0.554055750 0.063070178 0.830086946 144.588867188 -0.010564928 0.996512949 -0.082766980 -10.046844482 -0.832412601 -0.054627340 -0.551457345 65.441040039
-0.569355547 0.062690154 0.819697797 145.623947144 -0.010577187 0.996447086 -0.083554715 -10.155165672 -0.822023392 -0.056242421 -0.566669643 64.738739014
-0.584688962 0.060159594 0.809023917 146.640197754 -0.010734684 0.996585667 -0.081864871 -10.260950089 -0.811186552 -0.056550104 -0.582046866 64.021255493
-0.599677563 0.056582872 0.798238873 147.658493042 -0.011092519 0.996813595 -0.078992032 -10.363668442 -0.800164819 -0.056224238 -0.597139120 63.270645142
-0.614265263 0.055151101 0.787169993 148.649688721 -0.009896336 0.996937752 -0.077570528 -10.470558167 -0.789037526 -0.055438984 -0.611838460 62.502246857
-0.629209995 0.053504698 0.775391579 149.626617432 -0.010718276 0.996935606 -0.077489592 -10.572893143 -0.777161479 -0.057068091 -0.626708329 61.728439331
-0.643915892 0.054647066 0.763142228 150.594085693 -0.011609448 0.996633291 -0.081162602 -10.680873871 -0.765008211 -0.061121549 -0.641113639 60.927608490
-0.659238517 0.053888950 0.750000417 151.549057007 -0.013886566 0.996386170 -0.083798282 -10.787154198 -0.751805663 -0.065657988 -0.656107664 60.113372803
-0.675162256 0.050701067 0.735924840 152.502563477 -0.015585250 0.996432126 -0.082946971 -10.898603439 -0.737504601 -0.067472257 -0.671963155 59.272914886
-0.691503048 0.042999968 0.721092522 153.433227539 -0.019254161 0.996774852 -0.077903450 -11.009637833 -0.722116828 -0.067754515 -0.688444972 58.411788940
-0.708379805 0.040606156 0.704662442 154.357543945 -0.020169331 0.996771455 -0.077714674 -11.113542557 -0.705543220 -0.069264084 -0.705273807 57.511791229
-0.725667715 0.038015757 0.686994314 155.241867065 -0.021666678 0.996714830 -0.078040928 -11.219011307 -0.687704086 -0.071516670 -0.722460032 56.600540161
-0.742873251 0.034412827 0.668547034 156.117218018 -0.024580907 0.996602178 -0.078612879 -11.324302673 -0.668980718 -0.074832894 -0.739503145 55.658218384
-0.759813905 0.032071967 0.649349034 156.974578857 -0.024487277 0.996661961 -0.077879071 -11.438200951 -0.649679303 -0.075074382 -0.756492317 54.697235107
-0.775649130 0.034197841 0.630237043 157.796905518 -0.022263287 0.996427238 -0.081468008 -11.543605804 -0.630771399 -0.077221751 -0.772116661 53.703697205
-0.790630460 0.034524959 0.611319423 158.594497681 -0.017874509 0.996682048 -0.079406179 -11.658061981 -0.612032652 -0.073707983 -0.787390113 52.679435730
-0.805543125 0.035361752 0.591481149 159.381027222 -0.014226005 0.996775806 -0.078966811 -11.774940491 -0.592366517 -0.072025590 -0.802442729 51.664268494
-0.819690764 0.036663033 0.571631908 160.123046875 -0.012455544 0.996572852 -0.081778266 -11.885847092 -0.572670996 -0.074152879 -0.816424727 50.612705231
-0.833699584 0.037741072 0.550927162 160.854217529 -0.011910180 0.996200800 -0.086267672 -12.002040863 -0.552089870 -0.078482956 -0.830082655 49.555301666
-0.846719801 0.037951186 0.530683815 161.554412842 -0.009159621 0.996265054 -0.085861050 -12.124090195 -0.531960309 -0.077561110 -0.843209743 48.466739655
-0.858330250 0.036366198 0.511807323 162.224044800 -0.007681463 0.996462643 -0.083685368 -12.239980698 -0.513040245 -0.075761110 -0.855014682 47.359172821
-0.868875623 0.038089301 0.493562937 162.869125366 -0.004824447 0.996336579 -0.085382454 -12.356390953 -0.495007068 -0.076567881 -0.865508795 46.243404388
-0.878275990 0.041015625 0.476391703 163.482406616 -0.002001158 0.995990276 -0.089440539 -12.469472885 -0.478149831 -0.079506814 -0.874672174 45.123237610
-0.887278140 0.038560897 0.459620386 164.085174561 -0.003836069 0.995847642 -0.090954266 -12.591412544 -0.461219251 -0.082464851 -0.883445859 43.992954254
-0.895619750 0.035931271 0.443366885 164.674743652 -0.004657142 0.995920181 -0.090118811 -12.718471527 -0.444796145 -0.082776994 -0.891798437 42.850181580
-0.902751565 0.033912349 0.428823531 165.237106323 -0.005604960 0.995875657 -0.090555616 -12.841557503 -0.430125862 -0.084152758 -0.898838162 41.689445496
-0.909341633 0.031886343 0.414826393 165.782791138 -0.006064407 0.995937049 -0.089848176 -12.971037865 -0.416005999 -0.084218375 -0.905453682 40.517868042
-0.915634692 0.029228387 0.400947332 166.310623169 -0.007236640 0.995993495 -0.089132391 -13.093839645 -0.401946068 -0.084514245 -0.911754727 39.346069336
-0.921233058 0.024319664 0.388250172 166.820343018 -0.009757907 0.996285319 -0.085559845 -13.213340759 -0.388888687 -0.082609080 -0.917573631 38.159618378
-0.926362097 0.020924957 0.376052439 167.328536987 -0.010950984 0.996536911 -0.082427524 -13.333692551 -0.376474887 -0.080475874 -0.922924876 36.953300476
-0.930756688 0.021304877 0.365018010 167.814697266 -0.008389248 0.996793926 -0.079571202 -13.444149017 -0.365543008 -0.077123649 -0.927593827 35.739913940
-0.934024274 0.025374644 0.356307119 168.275527954 -0.003791127 0.996713340 -0.080919601 -13.561797142 -0.357189476 -0.076931700 -0.930858314 34.564468384
-0.936389327 0.030235507 0.349658042 168.730880737 0.001387724 0.996593297 -0.082460709 -13.674031258 -0.350960076 -0.076730125 -0.933241487 33.367954254
-0.938352287 0.034149732 0.343989611 169.180709839 0.005128336 0.996374011 -0.084926158 -13.789644241 -0.345642537 -0.077926569 -0.935124993 32.164680481
-0.939890563 0.031280030 0.340040028 169.618331909 0.002980142 0.996509075 -0.083430827 -13.914761543 -0.341462761 -0.077402495 -0.936702788 30.927021027
-0.941854954 0.023630263 0.335187823 170.070098877 -0.003492181 0.996781945 -0.080084503 -14.024394989 -0.336001605 -0.076598525 -0.938741565 29.725681305
-0.943645954 0.017463071 0.330495596 170.517395020 -0.008908574 0.996904731 -0.078111663 -14.138400078 -0.330836684 -0.076654010 -0.940569580 28.504297256
-0.945181370 0.010630637 0.326372862 170.947830200 -0.016321456 0.996682823 -0.079731226 -14.244919777 -0.326137811 -0.080687337 -0.941872478 27.293819427
-0.946422994 0.008969481 0.322805047 171.378234863 -0.018615335 0.996436656 -0.082264833 -14.360239029 -0.322392613 -0.083866462 -0.942883492 26.067148209
-0.947083414 0.009100976 0.320858508 171.794265747 -0.019097308 0.996229708 -0.084627390 -14.473340988 -0.320418924 -0.086276710 -0.943338752 24.858060837
-0.947196126 0.010579877 0.320480227 172.210800171 -0.018088551 0.996101081 -0.086345538 -14.597901344 -0.320144147 -0.087583184 -0.943311632 23.628955841
-0.947165132 0.013130963 0.320477962 172.615356445 -0.016073847 0.995963156 -0.088313505 -14.713302612 -0.320343822 -0.088798784 -0.943130195 22.441295624
-0.946745396 0.013999903 0.321679056 173.034149170 -0.015675463 0.995865583 -0.089476444 -14.837224007 -0.321601748 -0.089753859 -0.942611575 21.228694916
-0.946344435 0.015284213 0.322798043 173.455047607 -0.015211859 0.995666802 -0.091740422 -14.960451126 -0.322801560 -0.091728404 -0.942011118 20.005187988
-0.945583940 0.016461823 0.324961245 173.873931885 -0.014027948 0.995728254 -0.091260441 -15.089154243 -0.325075418 -0.090852961 -0.941313803 18.800647736
-0.944919825 0.015963830 0.326912403 174.300521851 -0.014880931 0.995681584 -0.091633670 -15.210319519 -0.326963514 -0.091451213 -0.940601707 17.610866547
-0.943740487 0.014399340 0.330373645 174.728775024 -0.016846774 0.995660782 -0.091520138 -15.340056419 -0.330257922 -0.091936976 -0.939402640 16.429702759
-0.941910803 0.012708263 0.335622996 175.145050049 -0.018340399 0.995846808 -0.089178927 -15.462039948 -0.335362315 -0.090154044 -0.937765658 15.243930817
-0.940031350 0.010468460 0.340927511 175.590118408 -0.020161318 0.996075988 -0.086175658 -15.585947037 -0.340491772 -0.087881371 -0.936131597 14.062759399
-0.937552452 0.007916617 0.347753912 176.043762207 -0.022584945 0.996245980 -0.083569057 -15.699113846 -0.347110033 -0.086204365 -0.933854103 12.883544922
-0.934954166 0.010147713 0.354623288 176.497146606 -0.020760981 0.996312797 -0.083245695 -15.815370560 -0.354160458 -0.085193232 -0.931296170 11.713104248
-0.931562781 0.010576859 0.363426745 176.941177368 -0.021020463 0.996338010 -0.082877785 -15.935251236 -0.362972528 -0.084845252 -0.927929044 10.553867340
-0.927624702 0.013416408 0.373272687 177.405517578 -0.020032253 0.996129334 -0.085585952 -16.046573639 -0.372976094 -0.086869128 -0.923765481 9.395580292
-0.923304796 0.015224483 0.383766383 177.883453369 -0.018499097 0.996291399 -0.084031135 -16.166303635 -0.383622438 -0.084685691 -0.919598937 8.235229492
-0.918817759 0.016656332 0.394330800 178.383499146 -0.018474918 0.996198833 -0.085126773 -16.281814575 -0.394249737 -0.085501194 -0.915017366 7.121444702
-0.912691057 0.019215202 0.408198267 178.892227173 -0.017608007 0.996117115 -0.086260207 -16.401384354 -0.408270776 -0.085916467 -0.908808768 5.956222534
-0.906686246 0.021372620 0.421263963 179.427963257 -0.016732678 0.996106863 -0.086550750 -16.515178680 -0.421473771 -0.085523248 -0.902798772 4.807662964
-0.899822891 0.021422751 0.435729176 179.970916748 -0.016768452 0.996356964 -0.083614662 -16.632289886 -0.435933083 -0.082544878 -0.896185696 3.649269104
-0.893604517 0.023546856 0.448237121 180.542907715 -0.015517063 0.996405482 -0.083278090 -16.758470535 -0.448586911 -0.081373014 -0.890027046 2.535537720
-0.886448801 0.025945235 0.462099016 181.116027832 -0.013877558 0.996488512 -0.082570776 -16.867748260 -0.462618709 -0.079607576 -0.882975936 1.411277771
-0.879328609 0.027117833 0.475442827 181.713851929 -0.012653397 0.996694386 -0.080250807 -16.981128693 -0.476047486 -0.076582812 -0.876078725 0.323852539
-0.871671557 0.029123267 0.489224434 182.325576782 -0.010203949 0.996937931 -0.077528000 -17.088285446 -0.489984244 -0.072570980 -0.868705273 -0.766098022
-0.863245547 0.031832825 0.503779471 182.940048218 -0.007473939 0.997094214 -0.075811304 -17.195232391 -0.504728854 -0.069208980 -0.860499263 -1.831176758
-0.854583383 0.034880988 0.518141448 183.587524414 -0.004593914 0.997195065 -0.074707456 -17.297550201 -0.519293845 -0.066224046 -0.852026105 -2.875350952
-0.843802631 0.037951075 0.535310030 184.204589844 -0.001462512 0.997330010 -0.073011562 -17.401065826 -0.536651671 -0.062390249 -0.841494143 -3.889411926
-0.833235800 0.040676020 0.551419497 184.864227295 0.001006731 0.997400224 -0.072052978 -17.500061035 -0.552916825 -0.059482001 -0.831110656 -4.883644104
-0.821488798 0.042350836 0.568649709 185.544570923 0.002783226 0.997524023 -0.070271000 -17.612649918 -0.570217788 -0.056144159 -0.819572687 -5.891120911
-0.810238302 0.044121590 0.584437490 186.262695312 0.003354915 0.997495234 -0.070653908 -17.705837250 -0.586090982 -0.055285763 -0.808356881 -6.866638184
-0.797401965 0.046663042 0.601641595 186.991973877 0.005664233 0.997540653 -0.069861546 -17.806741714 -0.603421926 -0.052299898 -0.795705259 -7.833076477
-0.783448279 0.047536355 0.619636238 187.743774414 0.006974810 0.997679949 -0.067719854 -17.899509430 -0.621417880 -0.048733152 -0.781962335 -8.794593811
-0.768743753 0.049888421 0.637608230 188.513320923 0.009722676 0.997749388 -0.066344656 -17.986000061 -0.639483094 -0.044802770 -0.767498612 -9.709472656
