1.000000000 0.000000000 0.000000000 0.000000000 0.000000000 1.000000000 0.000000000 0.000000000 0.000000000 0.000000000 1.000000000 0.000000000
0.999998629 0.000784487 0.001473878 -0.006226266 -0.000777748 0.999989271 -0.004567720 -0.002309166 -0.001477446 0.004566567 0.999988496 0.964317679
0.999996662 -0.001435813 0.002154362 -0.002735913 0.001447301 0.999984682 -0.005340068 -0.000898250 -0.002146661 0.005343168 0.999983430 1.918546200
0.999993324 -0.002431653 0.002732216 -0.010378038 0.002435327 0.999996066 -0.001342119 -0.003719773 -0.002728942 0.001348764 0.999995351 2.854410648
0.999985576 -0.004924315 0.002126643 -0.007758208 0.004913830 0.999975860 0.004907586 -0.007821420 -0.002150758 -0.004897066 0.999985635 3.802618980
0.999963641 -0.008510841 0.000576545 -0.004769236 0.008507832 0.999951065 0.005035470 -0.005053572 -0.000619372 -0.005030382 0.999987185 4.740473747
0.999937594 -0.011172664 -0.000047678 -0.007687439 0.011172741 0.999935269 0.002109197 -0.002971910 0.000024110 -0.002109598 0.999997795 5.670682430
0.999928415 -0.011921600 -0.001002705 -0.011371966 0.011920015 0.999927700 -0.001573088 0.003127172 0.001021387 0.001561023 0.999998331 6.595782757
0.999934793 -0.011333985 -0.001402559 -0.018343765 0.011331444 0.999934077 -0.001805912 -0.002918333 0.001422934 0.001789902 0.999997377 7.524647713
0.999934554 -0.011154653 -0.002550154 -0.026748884 0.011155127 0.999937713 0.000171999 -0.003549068 0.002548076 -0.000200435 0.999996722 8.437158585
0.999938130 -0.010762245 -0.002816820 -0.039398476 0.010769989 0.999938250 0.002748699 0.001836861 0.002787064 -0.002778866 0.999992251 9.378420830
0.999932826 -0.010964676 -0.003772597 -0.047101967 0.010980587 0.999930918 0.004222824 0.004924558 0.003726034 -0.004263965 0.999983966 10.299007416
0.999916315 -0.012176705 -0.004358935 -0.055026647 0.012198659 0.999912858 0.005045701 0.008049540 0.004297114 -0.005098453 0.999977708 11.214963913
0.999904335 -0.012726119 -0.005418917 -0.052847661 0.012756142 0.999903262 0.005542008 0.003821082 0.005347865 -0.005610602 0.999969900 12.119968414
0.999890566 -0.013444520 -0.006166459 -0.062474087 0.013471537 0.999899745 0.004360732 0.005314022 0.006107213 -0.004443327 0.999971449 13.026328087
0.999889195 -0.013134195 -0.007003961 -0.084610611 0.013148922 0.999911427 0.002061014 0.011807479 0.006976270 -0.002152881 0.999973357 13.925306320
0.999853969 -0.014687844 -0.008734168 -0.091630086 0.014693295 0.999891877 0.000560401 0.018897722 0.008724994 -0.000688653 0.999961674 14.816597939
0.999839544 -0.014358433 -0.010704516 -0.097810328 0.014355328 0.999896824 -0.000366521 0.022130487 0.010708672 0.000212795 0.999942660 15.729231834
0.999840081 -0.013092416 -0.012174387 -0.119005561 0.013074991 0.999913335 -0.001509735 0.025603706 0.012193098 0.001350313 0.999924779 16.632946014
0.999843478 -0.011293002 -0.013616505 -0.140604064 0.011277998 0.999935687 -0.001178206 0.020628482 0.013628935 0.001024455 0.999906600 17.523103714
0.999815106 -0.012315672 -0.014765001 -0.161160544 0.012310008 0.999924123 -0.000474410 0.021831769 0.014769723 0.000292565 0.999890864 18.422439575
0.999804437 -0.011588723 -0.016021308 -0.191850632 0.011608143 0.999931991 0.001119682 0.021633705 0.016007241 -0.001305440 0.999871016 19.311511993
0.999772131 -0.011291553 -0.018114764 -0.194322199 0.011319067 0.999934912 0.001417066 0.022814557 0.018097587 -0.001621786 0.999834836 20.190004349
0.999725878 -0.012449335 -0.019827381 -0.213738471 0.012482544 0.999920845 0.001552000 0.020982657 0.019806493 -0.001799070 0.999802232 21.067222595
0.999692023 -0.012213513 -0.021604175 -0.237734064 0.012241974 0.999924362 0.001185680 0.019788299 0.021588059 -0.001449793 0.999765933 21.940208435
0.999670208 -0.012309534 -0.022536661 -0.257551581 0.012346179 0.999922633 0.001487519 0.022172261 0.022516608 -0.001765270 0.999744892 22.800588608
0.999654770 -0.012167246 -0.023284232 -0.282910317 0.012246988 0.999919593 0.003285058 0.027174659 0.023242388 -0.003569085 0.999723494 23.651599884
0.999611020 -0.013521242 -0.024394372 -0.301966041 0.013673327 0.999888003 0.006078375 0.029731937 0.024309456 -0.006409562 0.999683917 24.496833801
0.999593973 -0.013667795 -0.025001483 -0.326437682 0.013865183 0.999873877 0.007738757 0.032469928 0.024892559 -0.008082266 0.999657452 25.334775925
0.999589443 -0.012808090 -0.025627699 -0.349613726 0.012980066 0.999894261 0.006555461 0.032327533 0.025541021 -0.006885418 0.999650061 26.167150497
0.999600708 -0.011205710 -0.025939405 -0.382780135 0.011303587 0.999929428 0.003629694 0.040135033 0.025896901 -0.003921453 0.999656916 26.973590851
0.999574780 -0.010770648 -0.027099440 -0.405239910 0.010829103 0.999939322 0.002011188 0.041974954 0.027076134 -0.002303795 0.999630749 27.778352737
0.999556541 -0.009531464 -0.028212089 -0.425567657 0.009580429 0.999952853 0.001600853 0.045847412 0.028195502 -0.001870427 0.999600589 28.569746017
0.999511421 -0.009525856 -0.029769618 -0.448238611 0.009565316 0.999953687 0.001183462 0.044857726 0.029756958 -0.001467640 0.999556124 29.358739853
0.999459147 -0.009278798 -0.031550366 -0.479801655 0.009294580 0.999956787 0.000353595 0.043800861 0.031545721 -0.000646651 0.999502003 30.133043289
0.999399602 -0.009234148 -0.033394597 -0.509249866 0.009248544 0.999957204 0.000276562 0.044681080 0.033390615 -0.000585247 0.999442220 30.908613205
0.999329507 -0.009366514 -0.035393495 -0.538703561 0.009424676 0.999954462 0.001476828 0.047105417 0.035378054 -0.001809411 0.999372363 31.662000656
0.999247789 -0.009738498 -0.037535753 -0.567202508 0.009881834 0.999944508 0.003635002 0.048605457 0.037498266 -0.004003190 0.999288619 32.422035217
0.999172866 -0.008708863 -0.039721962 -0.599389195 0.008913375 0.999947846 0.004974428 0.053050242 0.039676569 -0.005324369 0.999198377 33.158054352
0.999128997 -0.007110728 -0.041119076 -0.642276943 0.007333745 0.999959230 0.005275393 0.053189397 0.041079886 -0.005572354 0.999140382 33.884826660
0.999053001 -0.004840780 -0.043237932 -0.678381205 0.005044798 0.999976635 0.004610641 0.051455311 0.043214601 -0.004824402 0.999054193 34.613826752
0.998971224 -0.003188805 -0.045236524 -0.710321069 0.003367257 0.999986887 0.003869220 0.056855477 0.045223594 -0.004017562 0.998968840 35.322513580
0.998888373 -0.003094779 -0.047035206 -0.741674125 0.003325676 0.999982774 0.004831557 0.061647892 0.047019444 -0.004982609 0.998881519 36.030364990
0.998855710 -0.001487866 -0.047802590 -0.785695136 0.001814997 0.999975145 0.006800703 0.061940998 0.047791295 -0.006879683 0.998833656 36.715118408
0.998831928 0.000963883 -0.048311092 -0.819179475 -0.000616635 0.999973834 0.007202110 0.066701502 0.048316780 -0.007163907 0.998806357 37.395561218
0.998895943 0.004376204 -0.046773721 -0.863825023 -0.004131055 0.999977231 0.005336536 0.065182254 0.046796009 -0.005137419 0.998891234 38.059059143
0.998963833 0.005980172 -0.045116547 -0.896520615 -0.005882239 0.999980032 0.002303127 0.064190947 0.045129418 -0.002035354 0.998979032 38.713733673
0.999049366 0.006314446 -0.043134168 -0.923997879 -0.006316348 0.999980032 0.000092209 0.073141746 0.043133892 0.000180329 0.999069214 39.363044739
0.999183536 0.007196167 -0.039755814 -0.958542228 -0.007153132 0.999973655 0.001224625 0.072601490 0.039763577 -0.000939246 0.999208689 39.998111725
0.999252558 0.012077686 -0.036719967 -0.987929761 -0.011948320 0.999921679 0.003740471 0.075462967 0.036762264 -0.003298934 0.999318600 40.636894226
0.999317646 0.016425487 -0.033085965 -1.009073138 -0.016194992 0.999842703 0.007222571 0.075993583 0.033199396 -0.006681816 0.999426365 41.271434784
0.999350071 0.021331280 -0.029056622 -1.029880404 -0.021100618 0.999743581 0.008221989 0.079775006 0.029224552 -0.007603533 0.999543965 41.879306793
0.999402106 0.025174774 -0.023697637 -1.051686287 -0.024983302 0.999653041 0.008341543 0.087604880 0.023899417 -0.007744510 0.999684334 42.459785461
0.999418318 0.029179748 -0.017651618 -1.074441791 -0.028998090 0.999524772 0.010461197 0.093455702 0.017948482 -0.009943249 0.999789476 43.036914825
0.999362409 0.033859633 -0.011323368 -1.078841686 -0.033726789 0.999362350 0.011723677 0.088674098 0.011713108 -0.011334301 0.999867141 43.585193634
0.999299347 0.037168160 -0.004388425 -1.083688617 -0.037116297 0.999246418 0.011360871 0.092716694 0.004807380 -0.011190029 0.999925792 44.117721558
0.999173820 0.040544074 0.002800163 -1.084665060 -0.040573694 0.999110579 0.011483758 0.093302399 -0.002332073 -0.011587882 0.999930084 44.628540039
0.998953819 0.044579968 0.010192509 -1.082166314 -0.044690970 0.998941004 0.010935014 0.097813636 -0.009694233 -0.011379090 0.999888301 45.120880127
0.998661220 0.048495170 0.017997097 -1.081278324 -0.048646055 0.998783708 0.008042777 0.103269458 -0.017585173 -0.008907497 0.999805689 45.597076416
0.998355091 0.050874200 0.026434571 -1.078179836 -0.051028688 0.998683631 0.005202221 0.099338472 -0.026135113 -0.006542587 0.999637008 46.042064667
0.998095512 0.051347010 0.034185182 -1.060716271 -0.051543158 0.998658836 0.004880772 0.103134468 -0.033888720 -0.006633489 0.999403596 46.469158173
0.997825384 0.050689731 0.042132199 -1.038929939 -0.050996643 0.998679280 0.006241078 0.104138002 -0.041760199 -0.008376106 0.999092519 46.868862152
0.997377813 0.052254640 0.050070480 -1.016020775 -0.052667316 0.998587847 0.006957323 0.106919467 -0.049636219 -0.009576157 0.998721480 47.258800507
0.996714294 0.055446345 0.059044581 -1.003690243 -0.055966057 0.998406827 0.007183716 0.105239153 -0.058552202 -0.010464603 0.998229504 47.619953156
0.995900571 0.060316537 0.067409463 -0.974301100 -0.060889259 0.998123527 0.006472143 0.107974052 -0.066892587 -0.010550122 0.997704446 47.948314667
0.994999766 0.064171702 0.076534383 -0.953457594 -0.064867437 0.997871816 0.006636764 0.105717838 -0.075945638 -0.011568166 0.997044802 48.245929718
0.994245946 0.063440844 0.086314045 -0.925681591 -0.064295620 0.997905254 0.007156676 0.104146332 -0.085679211 -0.012665113 0.996242285 48.534366608
0.993367016 0.062258825 0.096672848 -0.886470318 -0.063061997 0.997995734 0.005272064 0.103491724 -0.096150868 -0.011333480 0.995302200 48.809322357
0.992256105 0.060783360 0.108319841 -0.851954460 -0.061260380 0.998121202 0.001078458 0.099775188 -0.108050779 -0.007705821 0.994115531 49.060703278
0.990662158 0.061735466 0.121561415 -0.810899734 -0.061801549 0.998083174 -0.003230305 0.103837430 -0.121527836 -0.004312541 0.992578685 49.330047607
0.988533854 0.063242413 0.137117788 -0.773537636 -0.063088134 0.997992873 -0.005475076 0.103029996 -0.137188852 -0.003238207 0.990539730 49.597530365
0.986039221 0.065116294 0.153253511 -0.723739624 -0.064841703 0.997872412 -0.006794576 0.100409985 -0.153369889 -0.003237500 0.988163650 49.846740723
0.983240604 0.065581411 0.170108661 -0.665664673 -0.065170340 0.997842014 -0.008005286 0.099116623 -0.170266584 -0.003214918 0.985392809 50.102405548
0.979966521 0.065053076 0.188239068 -0.609597206 -0.064506598 0.997876406 -0.009034351 0.091700763 -0.188427061 -0.003289303 0.982081711 50.336349487
0.976121902 0.064163059 0.207531184 -0.541138649 -0.063624084 0.997930825 -0.009277808 0.087861538 -0.207697064 -0.004147710 0.978184462 50.578868866
0.971614063 0.064296231 0.227666587 -0.466960907 -0.063573107 0.997921824 -0.010515777 0.084439337 -0.227869570 -0.004256196 0.973682463 50.823104858
0.966326416 0.066413619 0.248600781 -0.391460419 -0.065235429 0.997785449 -0.012983881 0.086408854 -0.248912513 -0.003670912 0.968519092 51.068721771
0.960043430 0.067944102 0.271477669 -0.307068825 -0.066354431 0.997682750 -0.015041819 0.079872012 -0.271870524 -0.003572945 0.962327242 51.314048767
0.952754974 0.069096789 0.295775890 -0.214087486 -0.067345165 0.997599602 -0.016118532 0.072471857 -0.296179652 -0.004562064 0.955121398 51.556213379
0.944184124 0.072027937 0.321447015 -0.118607521 -0.070319787 0.997380674 -0.016937317 0.064117908 -0.321825057 -0.006612143 0.946776092 51.794639587
0.934335589 0.073846184 0.348659754 -0.011369705 -0.072088346 0.997235179 -0.018032759 0.055257916 -0.349027514 -0.008285666 0.937075853 52.030139923
0.922993660 0.074794352 0.377476573 0.100427628 -0.072835580 0.997153580 -0.019483820 0.049467981 -0.377859473 -0.009510287 0.925814152 52.270664215
0.910515249 0.072942503 0.406990439 0.247438431 -0.070252843 0.997296035 -0.021570425 0.037703753 -0.407463312 -0.008952041 0.913177729 52.501205444
0.895686746 0.070031978 0.439136595 0.398025513 -0.066048585 0.997518897 -0.024364611 0.032620549 -0.439753354 -0.007181290 0.898089886 52.729640961
0.878363311 0.069349535 0.472936094 0.549764633 -0.063375913 0.997580528 -0.028576113 0.022895694 -0.473773599 -0.004872546 0.880633235 52.940773010
0.858925700 0.071337678 0.507106960 0.715072632 -0.062913194 0.997447968 -0.033755939 0.013906717 -0.508220971 -0.002909867 0.861221850 53.160621643
0.837026954 0.073276766 0.542232752 0.895706177 -0.062458862 0.997309983 -0.038359754 0.003775835 -0.543585122 -0.001759091 0.839352190 53.388286591
0.812519073 0.075889453 0.577973664 1.096561432 -0.063184068 0.997113585 -0.042099066 -0.004705667 -0.579500258 -0.002312431 0.814968765 53.615798950
0.785113811 0.079898357 0.614176273 1.309452057 -0.066291854 0.996788263 -0.044930227 -0.017966509 -0.615793467 -0.005439539 0.787888825 53.845283508
0.755068541 0.084510364 0.650176525 1.532032013 -0.070138976 0.996379018 -0.048055597 -0.032089710 -0.651883483 -0.009317449 0.758261919 54.073989868
0.722010374 0.085743390 0.686548710 1.798807144 -0.069745652 0.996256471 -0.051074781 -0.044772625 -0.688357949 -0.011007262 0.725287616 54.313972473
0.685424626 0.083141372 0.723381341 2.065984726 -0.066109322 0.996462345 -0.051887278 -0.068718791 -0.725136280 -0.012257427 0.688496292 54.527080536
0.646437645 0.081415638 0.758610487 2.376504898 -0.062932216 0.996592045 -0.053329621 -0.091730237 -0.760366857 -0.013266761 0.649358332 54.745346069
0.603588879 0.080871478 0.793183565 2.706907272 -0.060957853 0.996611476 -0.055225477 -0.113918185 -0.794961989 -0.015017283 0.606473386 54.969081879
0.557167053 0.081059910 0.826434612 3.060962677 -0.057590950 0.996599913 -0.058923613 -0.127844572 -0.828400970 -0.014764860 0.559940934 55.175659180
0.509127557 0.079841502 0.856979847 3.464286804 -0.054226507 0.996685565 -0.060641624 -0.152027845 -0.858981133 -0.015596698 0.511769593 55.382667542
0.460709751 0.078405388 0.884080946 3.875669479 -0.052256804 0.996758759 -0.061166372 -0.167574048 -0.886011064 -0.018019296 0.463313639 55.558734894
0.410892218 0.075730525 0.908533156 4.301532745 -0.051541355 0.996879816 -0.059784606 -0.197416902 -0.910225809 -0.022262003 0.413513362 55.724887848
0.360885561 0.076038294 0.929505110 4.768743515 -0.054985054 0.996671557 -0.060184605 -0.215696096 -0.930987716 -0.029389134 0.363865435 55.885719299
0.311059028 0.076303959 0.947322547 5.224534988 -0.052683573 0.996623516 -0.062976040 -0.236530185 -0.948929191 -0.030319072 0.314028740 56.019317627
0.264186114 0.072802529 0.961720109 5.710748672 -0.041316785 0.997085869 -0.064129949 -0.270024419 -0.963586330 -0.022792935 0.266424239 56.107212067
0.220203072 0.067082025 0.973144710 6.226954460 -0.027835157 0.997658372 -0.062473308 -0.295811176 -0.975056708 -0.013330820 0.221554682 56.182033539
0.177493334 0.065779127 0.981921196 6.758030891 -0.019279804 0.997804523 -0.063358136 -0.332580805 -0.983933210 -0.007685603 0.178371921 56.253551483
0.139359787 0.067532316 0.987936378 7.249324322 -0.015889939 0.997695982 -0.065957993 -0.353333414 -0.990114450 -0.006506358 0.140111759 56.287044525
0.106779419 0.068259276 0.991936982 7.792588711 -0.007170931 0.997667551 -0.067881711 -0.387356758 -0.994256854 0.000135258 0.107019857 56.316074371
0.078219324 0.066480517 0.994717121 8.353526115 0.000313174 0.997772336 -0.066709332 -0.422944427 -0.996936202 0.005529478 0.078024276 56.331237793
0.053289115 0.064857692 0.996470690 8.929931641 0.007126185 0.997838497 -0.065327808 -0.457855999 -0.998553693 0.010582294 0.052711762 56.347862244
0.033124700 0.063997440 0.997400165 9.489129066 0.011814634 0.997852981 -0.064418875 -0.482677281 -0.999381304 0.013917775 0.032297470 56.343742371
0.017293157 0.065756492 0.997685850 10.075048447 0.014806354 0.997708738 -0.066014647 -0.510641217 -0.999740779 0.015913693 0.016279921 56.341781616
0.003523670 0.065481842 0.997847557 10.664573669 0.014863490 0.997740030 -0.065527260 -0.547517955 -0.999883354 0.015062394 0.002542417 56.338783264
-0.007609084 0.066418223 0.997762918 11.274257660 0.016148292 0.997669756 -0.066288866 -0.582139552 -0.999840677 0.015607768 -0.008663893 56.321487427
-0.016997185 0.069247574 0.997454703 11.926382065 0.020999683 0.997403502 -0.068886176 -0.618663669 -0.999634922 0.019775363 -0.018407231 56.313796997
-0.023482328 0.071273975 0.997180402 12.549840927 0.025297608 0.997178376 -0.070678115 -0.653270781 -0.999404132 0.023566589 -0.025219135 56.286643982
-0.027812701 0.070522033 0.997122526 13.203946114 0.025454188 0.997234881 -0.069819979 -0.692837894 -0.999288917 0.023439063 -0.029530872 56.269233704
-0.031656094 0.067880563 0.997191131 13.862709045 0.023362802 0.997468829 -0.067157812 -0.723390222 -0.999225736 0.021171223 -0.033161841 56.251441956
-0.034270078 0.061189666 0.997537673 14.565830231 0.021288618 0.997942150 -0.060483117 -0.761786103 -0.999185860 0.019163437 -0.035502207 56.233791351
-0.035302393 0.055776693 0.997819006 15.254967690 0.022872292 0.998224854 -0.054990172 -0.794997454 -0.999114931 0.020881120 -0.036515471 56.205352783
-0.035679542 0.052945606 0.997959852 15.929912567 0.025024354 0.998329759 -0.052070569 -0.830342472 -0.999049902 0.023115447 -0.036944877 56.176574707
-0.035711873 0.055256847 0.997833371 16.638206482 0.028368268 0.998123884 -0.054257657 -0.870929003 -0.998959422 0.026369160 -0.037212409 56.153270721
-0.034670975 0.062885366 0.997418344 17.349058151 0.029476985 0.997648656 -0.061875228 -0.897859395 -0.998964071 0.027255608 -0.036443114 56.117118835
-0.032728951 0.071247756 0.996921599 18.059822083 0.030157223 0.997072220 -0.070268467 -0.929157615 -0.999009192 0.027764572 -0.034781765 56.099395752
-0.030260306 0.071697794 0.996967256 18.792972565 0.031084953 0.997009099 -0.070757300 -0.967160344 -0.999058545 0.028849544 -0.032398522 56.072795868
-0.028254360 0.067394570 0.997326255 19.540124893 0.030685239 0.997312844 -0.066524357 -1.010487318 -0.999129653 0.028723586 -0.030246455 56.057456970
-0.025626689 0.060734335 0.997825027 20.290185928 0.030086575 0.997747421 -0.059956923 -1.061571360 -0.999218702 0.028484639 -0.027396256 56.039150238
-0.022858484 0.059329778 0.997976601 21.042707443 0.028255014 0.997877061 -0.058676679 -1.099078774 -0.999339342 0.026856586 -0.024486324 56.027477264
-0.019568715 0.064670086 0.997714877 21.768815994 0.035903014 0.997307777 -0.063939527 -1.142693758 -0.999163687 0.034569748 -0.021837883 56.008800507
-0.016016075 0.070071876 0.997413337 22.503761292 0.038089197 0.996860027 -0.069421381 -1.186793685 -0.999145985 0.036878821 -0.018634764 55.989967346
-0.013886826 0.070677169 0.997402489 23.236396790 0.031549778 0.997033119 -0.070211709 -1.229307175 -0.999405682 0.030492818 -0.016075473 55.996608734
-0.011353212 0.067464724 0.997656941 23.988925934 0.027032094 0.997377396 -0.067138195 -1.275206923 -0.999570131 0.026206525 -0.013147152 56.015583038
-0.005822548 0.063667521 0.997954190 24.748456955 0.031731434 0.997480214 -0.063452147 -1.323841333 -0.999479413 0.031297062 -0.007828138 55.986705780
-0.002371571 0.064556383 0.997911215 25.487873077 0.036283486 0.997262418 -0.064428188 -1.371436357 -0.999338686 0.036054902 -0.004707409 55.979286194
0.000270500 0.068976596 0.997618258 26.221689224 0.036141649 0.996965826 -0.068941295 -1.418164134 -0.999346614 0.036074217 -0.002223249 55.986797333
0.004353066 0.070241444 0.997520506 26.986486435 0.031967085 0.997010350 -0.070345037 -1.459878922 -0.999479413 0.032194048 0.002094637 55.994281769
0.008133218 0.069673248 0.997536659 27.737154007 0.031399854 0.997059941 -0.069895975 -1.507819772 -0.999473751 0.031890988 0.005921576 56.004783630
0.011748944 0.066337548 0.997728050 28.479555130 0.035264116 0.997148752 -0.066714287 -1.557889342 -0.999308944 0.035967823 0.009376111 56.008975983
0.015223407 0.067080788 0.997631431 29.241954803 0.039531887 0.996926486 -0.067636639 -1.609074354 -0.999102354 0.040467918 0.012524788 56.014255524
0.018988429 0.067909382 0.997510791 29.985141754 0.042690668 0.996725678 -0.068668582 -1.657009840 -0.998907924 0.043888316 0.016027158 56.023365021
0.021550167 0.067788161 0.997467041 30.743337631 0.042968113 0.996713996 -0.068665333 -1.705013275 -0.998844028 0.044339031 0.018566627 56.041786194
0.024252016 0.066265412 0.997507334 31.493553162 0.044235609 0.996752381 -0.067290738 -1.754009485 -0.998726726 0.045757279 0.021241961 56.079166412
0.028291598 0.065442652 0.997455120 32.251770020 0.045806676 0.996721387 -0.066693746 -1.804298878 -0.998549640 0.047576986 0.025201134 56.089271545
0.030907577 0.065771908 0.997355878 32.998859406 0.044131223 0.996769667 -0.067100838 -1.848228693 -0.998547494 0.046088461 0.027905144 56.122890472
0.034233995 0.067709699 0.997117519 33.765899658 0.040933955 0.996770084 -0.069091491 -1.892771959 -0.998575211 0.043181248 0.031351797 56.152076721
0.037064351 0.067708015 0.997016490 34.520786285 0.042632468 0.996686578 -0.069270492 -1.939647913 -0.998403132 0.045072749 0.034054980 56.178432465
0.040186994 0.067650437 0.996899426 35.278125763 0.041158356 0.996746421 -0.069299243 -1.983834982 -0.998344064 0.043815661 0.037271861 56.203693390
0.042651907 0.068084747 0.996767402 36.033630371 0.039545048 0.996778369 -0.069777630 -2.029948235 -0.998307049 0.042393368 0.039822087 56.240135193
0.045073040 0.068132810 0.996657550 36.794452667 0.036773376 0.996882141 -0.069811210 -2.081061602 -0.998306632 0.039797060 0.042427041 56.286365509
0.048094209 0.069925137 0.996392250 37.565406799 0.035343044 0.996802807 -0.071659893 -2.131890297 -0.998217285 0.038661964 0.045469072 56.334411621
0.051079948 0.073345847 0.995997608 38.329959869 0.033431541 0.996614993 -0.075105868 -2.187321663 -0.998134851 0.037134141 0.048454974 56.379238129
0.054867588 0.075393975 0.995643198 39.103332520 0.033698365 0.996437430 -0.077311143 -2.241136551 -0.997924805 0.037793424 0.052131459 56.418979645
0.057919916 0.077366598 0.995318949 39.874214172 0.027992167 0.996474743 -0.079085387 -2.295389891 -0.997928739 0.032441750 0.055550069 56.473503113
0.060050573 0.076598704 0.995252013 40.655258179 0.023838192 0.996656895 -0.078145161 -2.353459358 -0.997910678 0.028417666 0.058023848 56.540054321
0.063700229 0.077127725 0.994984150 41.418819427 0.026367329 0.996530950 -0.078935705 -2.406826496 -0.997620702 0.031263299 0.061445609 56.591209412
0.067311361 0.078303508 0.994654596 42.198410034 0.025520213 0.996454239 -0.080172226 -2.465082645 -0.997405529 0.030780300 0.065074377 56.648326874
0.071271829 0.079670452 0.994270027 42.984272003 0.021963667 0.996438026 -0.081418581 -2.514366150 -0.997215152 0.027640669 0.069268122 56.712013245
0.075553268 0.077319421 0.994139493 43.784790039 0.020775756 0.996650696 -0.079093665 -2.575381756 -0.996925235 0.026629785 0.073693857 56.775989532
0.079869807 0.077242449 0.993808031 44.582321167 0.020244678 0.996661782 -0.079091281 -2.644431829 -0.996599674 0.026436333 0.078039438 56.850982666
0.085260488 0.080631889 0.993090689 45.376850128 0.017054670 0.996455908 -0.082369335 -2.704151630 -0.996212721 0.023959681 0.083583161 56.923393250
0.090855822 0.089340411 0.991848588 46.167377472 0.014597391 0.995741308 -0.091028214 -2.765851021 -0.995757043 0.022748843 0.089164749 57.015365601
0.098321840 0.093954392 0.990709543 46.956974030 0.013769430 0.995309472 -0.095757157 -2.833315849 -0.995059311 0.023056529 0.096566960 57.098094940
0.105505094 0.096830025 0.989693165 47.759201050 0.009023149 0.995113730 -0.098322265 -2.905128002 -0.994377851 0.019303648 0.104115874 57.184749603
0.112542279 0.095339030 0.989062488 48.576118469 0.005418404 0.995312572 -0.096558049 -2.972865105 -0.993632197 0.016226003 0.111498170 57.290290833
0.119892187 0.093937568 0.988332748 49.383407593 0.005032357 0.995443106 -0.095223866 -3.042577982 -0.992774189 0.016390238 0.118873149 57.394863129
0.127851740 0.089914665 0.987709045 50.213794708 0.004598961 0.995817542 -0.091248110 -3.121790886 -0.991782665 0.016208664 0.126903504 57.501632690
0.135033846 0.084466778 0.987234235 51.008010864 0.002500536 0.996327579 -0.085586838 -3.190117836 -0.990837753 0.014025733 0.134326771 57.614452362
0.141903669 0.077084571 0.986874461 51.826862335 0.000077457 0.996962547 -0.077883661 -3.253641129 -0.989880323 0.011128420 0.141466677 57.749610901
0.149153754 0.074410111 0.986010253 52.638336182 0.000187741 0.997162402 -0.075280122 -3.316579342 -0.988813937 0.011413425 0.148716524 57.885208130
0.156846106 0.076510951 0.984654903 53.440010071 0.000121658 0.996993244 -0.077489063 -3.375202656 -0.987623036 0.012273647 0.156365186 58.014083862
0.162678257 0.083038799 0.983178675 54.218681335 -0.000006963 0.996452391 -0.084158733 -3.443138599 -0.986679196 0.013683951 0.162101746 58.143733978
0.167843834 0.086750187 0.981989205 54.996124268 -0.001177514 0.996137559 -0.087798811 -3.497366905 -0.985812902 0.013580181 0.167297691 58.275012970
0.172856748 0.089753233 0.980849087 55.776809692 -0.002423481 0.995875299 -0.090701111 -3.565171480 -0.984944046 0.013301229 0.172361284 58.426425934
0.178263083 0.089329816 0.979919553 56.541263580 -0.004222930 0.995930970 -0.090021186 -3.624891996 -0.983973801 0.011909324 0.177914962 58.568592072
0.183433071 0.086064436 0.979257464 57.293918610 -0.000877072 0.996174037 -0.087386891 -3.698894501 -0.983031809 0.015170769 0.182806760 58.705280304
0.188137993 0.079200752 0.978944004 58.067214966 -0.000837812 0.996755838 -0.080480777 -3.766004562 -0.982142270 0.014321323 0.187594011 58.860649109
0.191289380 0.073327214 0.978790820 58.818588257 -0.002233948 0.997235477 -0.074272409 -3.823726177 -0.981531143 0.012020955 0.190924361 59.010059357
0.194467261 0.070128992 0.978398919 59.556648254 -0.006012944 0.997507513 -0.070303492 -3.877671242 -0.980890572 0.007788672 0.194404215 59.167827606
0.197859555 0.070415355 0.977698028 60.290733337 -0.007496494 0.997496009 -0.070324153 -3.929642200 -0.980201781 0.006584997 0.197891966 59.318981171
0.199711829 0.072734162 0.977151453 61.012245178 -0.009896770 0.997340024 -0.072214179 -3.980452061 -0.979804695 0.004751387 0.199900448 59.475322723
0.201003402 0.076526649 0.976596773 61.716079712 -0.013783352 0.997066140 -0.075293735 -4.040906906 -0.979493499 0.001673523 0.201468498 59.633277893
0.203243017 0.080858156 0.975783944 62.402076721 -0.014460146 0.996723473 -0.079581454 -4.090624332 -0.979021490 0.002064398 0.203746304 59.781356812
0.204941705 0.085988000 0.974989712 63.097358704 -0.015133027 0.996292710 -0.084685862 -4.149375916 -0.978657126 0.002601119 0.205483183 59.945404053
0.206775323 0.088150844 0.974409282 63.774951935 -0.014648634 0.996100128 -0.087004617 -4.202548027 -0.978278756 0.003716642 0.207260221 60.090034485
0.208272904 0.087864332 0.974116087 64.445396423 -0.016781541 0.996131182 -0.086262055 -4.259673119 -0.977926672 0.001618881 0.208941653 60.240715027
0.208816230 0.084885985 0.974263906 65.107719421 -0.016594879 0.996389925 -0.083256975 -4.316885471 -0.977814078 0.001217617 0.209471062 60.388031006
0.209580481 0.082181148 0.974331737 65.770996094 -0.016271545 0.996616840 -0.080560803 -4.377316475 -0.977656007 0.001030091 0.210208654 60.536079407
0.209396392 0.081395015 0.974437296 66.435981750 -0.015295833 0.996680140 -0.079966068 -4.421110153 -0.977711141 0.001839779 0.209946230 60.691093445
0.207731396 0.080535762 0.974864900 67.068099976 -0.015316179 0.996750534 -0.079080105 -4.472406387 -0.978065968 0.001496218 0.208289877 60.830749512
0.206697717 0.081430942 0.975010395 67.698898315 -0.016424164 0.996678829 -0.079758808 -4.523309708 -0.978267074 0.000472236 0.207348675 60.961448669
0.203640640 0.084597982 0.975383878 68.302696228 -0.017816504 0.996414959 -0.082702361 -4.577326775 -0.978883564 -0.000536371 0.204417795 61.100780487
0.201579139 0.087926097 0.975517809 68.904205322 -0.015461247 0.996124029 -0.086588539 -4.632165909 -0.979350150 0.002371723 0.202157319 61.226303101
0.199893743 0.088877827 0.975778222 69.499290466 -0.013579528 0.996033132 -0.087940864 -4.678363800 -0.979723454 0.004328223 0.200307697 61.346660614
0.197664902 0.087584704 0.976349056 70.087226868 -0.014345076 0.996152282 -0.086456977 -4.726999283 -0.980164707 0.003083707 0.198160753 61.465850830
0.195298284 0.084782146 0.977072418 70.673576355 -0.014665857 0.996397555 -0.083527587 -4.774950504 -0.980634212 0.001983191 0.195838138 61.585052490
0.193156660 0.080610588 0.977850974 71.252464294 -0.014434649 0.996744990 -0.079316825 -4.830828667 -0.981061697 0.001205643 0.193691522 61.702228546
0.191771239 0.079733372 0.978195488 71.806266785 -0.010362322 0.996803403 -0.079218626 -4.875793457 -0.981384933 0.005055477 0.191984445 61.795894623
0.190228581 0.081251882 0.978371799 72.360839844 -0.006762879 0.996654034 -0.081455268 -4.918127537 -0.981716514 0.008878509 0.190141588 61.895484924
0.187627599 0.083283693 0.978703082 72.911010742 -0.002637774 0.996437967 -0.084287159 -4.960697174 -0.982236683 0.013233000 0.187178925 61.998165131
0.185674205 0.085189536 0.978911579 73.466339111 -0.003223585 0.996282160 -0.086089782 -5.002047539 -0.982606053 0.012829045 0.185258508 62.113979340
0.184445679 0.087881595 0.978905797 74.002815247 -0.003401480 0.996045470 -0.088779397 -5.045188904 -0.982836843 0.013045249 0.184015214 62.214035034
0.182982385 0.086428851 0.979309678 74.541458130 -0.002190633 0.996161520 -0.087506793 -5.091472626 -0.983113766 0.013866894 0.182469353 62.315200806
0.184075385 0.084802277 0.979247093 75.089569092 0.003986873 0.996198654 -0.087019712 -5.133829117 -0.982904196 0.019922320 0.183037564 62.402271271
0.186084598 0.083317630 0.978994727 75.649520874 0.008701625 0.996219277 -0.086437516 -5.171676159 -0.982495189 0.024603536 0.184656098 62.507244110
0.187983975 0.082860813 0.978670657 76.200721741 0.011382364 0.996184230 -0.086529978 -5.215069771 -0.982106149 0.027405834 0.186323524 62.615818024
0.191327661 0.082203589 0.978077888 76.756752014 0.008906937 0.996300340 -0.085477442 -5.266155720 -0.981485784 0.025065877 0.189887643 62.734958649
0.196859717 0.082879417 0.976922333 77.320701599 0.007412245 0.996266365 -0.086014144 -5.314009190 -0.980403543 0.024173912 0.195510402 62.854362488
0.203467339 0.081209943 0.975707948 77.865615845 0.009261892 0.996349871 -0.084859431 -5.361578941 -0.979037941 0.026303021 0.201972499 62.964530945
0.211048856 0.081875145 0.974040508 78.430244446 0.007398038 0.996323407 -0.085351139 -5.398495674 -0.977447450 0.025219250 0.209667221 63.093963623
0.219329625 0.079674326 0.972392142 79.000000000 0.007399905 0.996495366 -0.083318360 -5.447544575 -0.975622833 0.025469795 0.217971414 63.233505249
0.228401154 0.079481587 0.970317304 79.579376221 0.004111860 0.996574104 -0.082600251 -5.491319656 -0.973558426 0.022855800 0.227291897 63.378803253
0.238145083 0.079521470 0.967968643 80.160957336 0.002865778 0.996580541 -0.082577080 -5.532960892 -0.971225381 0.022439301 0.237102881 63.526668549
0.247490510 0.083241723 0.965307832 80.758804321 -0.002880693 0.996361256 -0.085180998 -5.586693764 -0.968886077 0.018300733 0.246829778 63.700210571
0.256917089 0.084922656 0.962695003 81.351463318 -0.005485546 0.996243775 -0.086418159 -5.629703999 -0.966417968 0.016921397 0.256417930 63.876159668
0.267565310 0.087821610 0.959529102 81.920021057 -0.009241096 0.996025681 -0.088585109 -5.663290024 -0.963495314 0.014835203 0.267313600 64.045112610
0.277446747 0.089585312 0.956555128 82.531433105 -0.010705495 0.995869517 -0.090162143 -5.716659069 -0.960681379 0.014774799 0.277259797 64.237945557
0.287537605 0.090453126 0.953488588 83.157135010 -0.013467733 0.995813787 -0.090406954 -5.764239311 -0.957674682 0.013154073 0.287552118 64.434921265
0.297808826 0.090963595 0.950281799 83.783737183 -0.015411104 0.995778263 -0.090488940 -5.823646545 -0.954501092 0.012303515 0.297953367 64.639862061
0.308021277 0.092238471 0.946897507 84.410430908 -0.019444589 0.995691478 -0.090666316 -5.861531258 -0.951180696 0.009515121 0.308487743 64.855117798
0.318599939 0.087822556 0.943812132 85.073020935 -0.018861078 0.996088982 -0.086320087 -5.905806541 -0.947701633 0.009700256 0.319010377 65.087417603
0.329256862 0.080340698 0.940816343 85.731552124 -0.015434148 0.996698499 -0.079711258 -5.965250015 -0.944114268 0.011724783 0.329409868 65.316696167
0.340288460 0.076164708 0.937231362 86.389465332 -0.013907175 0.997012973 -0.075973496 -6.013696671 -0.940218270 0.012818662 0.340331167 65.562316895
0.350703299 0.073141277 0.933625996 87.074722290 -0.014989763 0.997256100 -0.072495438 -6.062801361 -0.936366677 0.011429557 0.350837380 65.828224182
0.360012054 0.070774123 0.930259287 87.759872437 -0.008729094 0.997330189 -0.072498724 -6.103776932 -0.932906747 0.017980088 0.359668702 66.095497131
0.368645281 0.065278374 0.927275240 88.454849243 -0.002188329 0.997589409 -0.069358364 -6.145545006 -0.929567575 0.023539450 0.367899537 66.363525391
0.375627726 0.056070454 0.925072908 89.174484253 0.007311492 0.997957885 -0.063456982 -6.187794209 -0.926741838 0.030599870 0.374450654 66.646408081
0.382689506 0.051154912 0.922459662 89.874801636 0.012963952 0.998070300 -0.060726076 -6.235570431 -0.923786044 0.035197951 0.381287873 66.933624268
0.390010953 0.050917432 0.919401407 90.579704285 0.014959106 0.997987866 -0.061615303 -6.287980556 -0.920688689 0.037784066 0.388464540 67.236534119
0.397461921 0.057491269 0.915815890 91.293090820 0.017132452 0.997396469 -0.070048012 -6.326558113 -0.917458713 0.043531578 0.395442069 67.541275024
0.404713869 0.062113959 0.912331402 91.998062134 0.020955866 0.996798337 -0.077160805 -6.367034435 -0.914203227 0.050346740 0.402116477 67.848731995
0.409863800 0.064081661 0.909892976 92.703369141 0.019001801 0.996712923 -0.078755602 -6.422136784 -0.911948800 0.049568668 0.407298833 68.177070618
0.414358258 0.065404259 0.907760739 93.407981873 0.011892339 0.996940136 -0.077258058 -6.485775948 -0.910036147 0.042807911 0.412312597 68.512886047
0.418235689 0.069188215 0.905699670 94.092285156 0.005054762 0.996902108 -0.078489549 -6.544281006 -0.908324480 0.037405230 0.416590333 68.848899841
0.422200263 0.072249562 0.903618813 94.768379211 0.004269665 0.996649206 -0.081682809 -6.604562283 -0.906492591 0.038344655 0.420477033 69.173690796
0.426237583 0.076458298 0.901374280 95.447319031 0.001099479 0.996377230 -0.085036732 -6.661551476 -0.904610574 0.037236899 0.424609423 69.499816895
0.429837555 0.079236656 0.899422705 96.111389160 -0.001640761 0.996208787 -0.086979114 -6.720850945 -0.902904749 0.035911154 0.428337991 69.824234009
0.433726728 0.077842891 0.897675633 96.766448975 -0.002927334 0.996377707 -0.084987536 -6.779426575 -0.901039779 0.034233566 0.432383507 70.149093628
0.437776178 0.074993506 0.895950794 97.417198181 -0.002450682 0.996611118 -0.082221575 -6.843490601 -0.899080634 0.033798967 0.436476409 70.473342896
0.441302925 0.071901269 0.894473016 98.058609009 -0.002027240 0.996862113 -0.079131536 -6.895942688 -0.897355914 0.033107668 0.440063924 70.786659241
0.445043296 0.070711970 0.892712891 98.692581177 -0.002974368 0.996988773 -0.077488869 -6.955935478 -0.895504117 0.031830642 0.443913519 71.110916138
0.448269784 0.072550699 0.890949249 99.302558899 -0.005214503 0.996896207 -0.078554429 -7.008393288 -0.893883109 0.030567719 0.447256833 71.426773071
0.450908452 0.073334612 0.889552534 99.915321350 -0.004743913 0.996801853 -0.079771586 -7.064198494 -0.892557621 0.031749725 0.449814260 71.744384766
0.453254193 0.071321324 0.888523459 100.510269165 -0.002425718 0.996888816 -0.078782365 -7.115368843 -0.891378045 0.033553131 0.452017099 72.047973633
0.454860568 0.070432685 0.887773097 101.099311829 -0.001083741 0.996910691 -0.078535996 -7.171196938 -0.890561998 0.034760810 0.453531682 72.340690613
0.456831485 0.070088439 0.886787832 101.683059692 -0.001784949 0.996961355 -0.077876635 -7.218590736 -0.889551401 0.033993624 0.455568463 72.645622253
0.458648801 0.069089249 0.885927737 102.256072998 -0.000346716 0.996986747 -0.077570707 -7.274106979 -0.888617575 0.035270546 0.457290649 72.947494507
0.461149067 0.071164884 0.884464264 102.814689636 -0.001117286 0.996824443 -0.079622939 -7.320927620 -0.887322009 0.035729852 0.459764123 73.242866516
0.464150459 0.071158707 0.882893443 103.370323181 0.001677007 0.996695399 -0.081212454 -7.372643471 -0.885754764 0.039175421 0.462497294 73.528091431
0.467018992 0.070476994 0.881434202 103.918136597 0.003649406 0.996656477 -0.081623450 -7.418174744 -0.884239733 0.041336413 0.465200365 73.827911377
0.470484018 0.068705015 0.879729748 104.450851440 0.006248280 0.996679842 -0.081180178 -7.472042084 -0.882386386 0.043690775 0.468492657 74.105285645
0.473713040 0.067926012 0.878055871 104.980491638 0.007722533 0.996662378 -0.081267685 -7.516419411 -0.880645394 0.045278382 0.471607417 74.392463684
0.476812601 0.067353465 0.876420736 105.496566772 0.008896014 0.996639132 -0.081432164 -7.563608170 -0.878959954 0.046624523 0.474610955 74.678024292
0.480329603 0.066081278 0.874595284 106.009048462 0.009205204 0.996723056 -0.080364339 -7.619429588 -0.877039731 0.046652194 0.478147298 74.965408325
0.483627439 0.065899655 0.872789621 106.508544922 0.010721170 0.996640801 -0.081191756 -7.659612656 -0.875208259 0.048623897 0.481296271 75.240058899
0.487332553 0.067039154 0.870639384 107.015167236 0.010636161 0.996518910 -0.082685374 -7.707689762 -0.873151600 0.049555536 0.484923035 75.535278320
0.491678685 0.067418076 0.868162930 107.514358521 0.012529199 0.996347547 -0.084468193 -7.752965927 -0.870686591 0.052408610 0.489038050 75.816253662
0.496832281 0.070702702 0.864961743 108.008140564 0.010585176 0.996108055 -0.087502815 -7.799428940 -0.867781997 0.052629996 0.494150281 76.101043701
0.501998961 0.076527089 0.861475825 108.491645813 0.006815406 0.995696664 -0.092421748 -7.850294590 -0.864841342 0.052266933 0.499317139 76.398200989
0.507872760 0.083449289 0.857380569 108.973648071 0.001590236 0.995204210 -0.097805738 -7.901033401 -0.861430705 0.051036302 0.505304456 76.697044373
0.513669610 0.089852527 0.853270292 109.445373535 -0.003853590 0.994732857 -0.102429226 -7.952743530 -0.857979476 0.049326625 0.511310339 76.993255615
0.519927979 0.094452441 0.848972082 109.934722900 -0.007561323 0.994337916 -0.105994418 -8.005247116 -0.854176521 0.048690118 0.517698407 77.316070557
0.525584936 0.094782799 0.845444739 110.423171997 -0.011499331 0.994474947 -0.104341835 -8.054271698 -0.850663364 0.045118440 0.523770988 77.630966187
0.530799389 0.093978830 0.842270792 110.913108826 -0.018068848 0.994861662 -0.099617615 -8.107849121 -0.847304821 0.037658099 0.529770076 77.963333130
0.536131561 0.091441855 0.839167118 111.405845642 -0.024450468 0.995380461 -0.092842974 -8.166572571 -0.843780339 0.029258020 0.535890698 78.308403015
0.542225480 0.090057261 0.835392952 111.910285950 -0.030917704 0.995704651 -0.087271594 -8.212159157 -0.839663982 0.021492453 0.542680681 78.643516541
0.548235655 0.087959699 0.831685603 112.418815613 -0.033387557 0.995962918 -0.083325192 -8.261843681 -0.835657179 0.017913889 0.548959076 78.995162964
0.554512799 0.091608115 0.827117622 112.929832458 -0.038278297 0.995678186 -0.084614784 -8.305294991 -0.831294417 0.015259330 0.555622816 79.357353210
0.560449958 0.095589764 0.822653294 113.444602966 -0.042454328 0.995326698 -0.086730972 -8.354684830 -0.827099442 0.013683177 0.561889052 79.729263306
0.566950798 0.099015132 0.817779183 113.971954346 -0.044854112 0.994987488 -0.089374684 -8.395301819 -0.822529554 0.013990291 0.568550289 80.104515076
0.573109388 0.101269953 0.813197434 114.498435974 -0.047587171 0.994772911 -0.090344563 -8.447893143 -0.818095982 0.013079552 0.574932933 80.491859436
