1.000000000 -0.000000000 0.000000000 0.000000000 -0.000000000 1.000000000 0.000000000 0.000000000 0.000000000 0.000000000 1.000000000 0.000000000
0.999997735 -0.001587108 -0.001414759 -0.003085824 0.001585751 0.999998271 -0.000959981 -0.007282434 0.001416280 0.000957735 0.999998510 0.563944519
0.999995470 -0.001824146 -0.002397101 -0.007912623 0.001817926 0.999994993 -0.002593981 -0.017447168 0.002401821 0.002589612 0.999993742 1.119512677
0.999986529 -0.002524624 -0.004531063 -0.009083927 0.002508568 0.999990582 -0.003545652 -0.035219122 0.004539971 0.003534238 0.999983430 1.684969068
0.999970198 -0.004361133 -0.006368720 -0.019982558 0.004326033 0.999975443 -0.005514594 -0.041776244 0.006392613 0.005486879 0.999964535 2.252032042
0.999945760 -0.007087950 -0.007633130 -0.029166814 0.007031648 0.999948084 -0.007377618 -0.058431722 0.007685024 0.007323546 0.999943674 2.800634384
0.999922991 -0.008362636 -0.009164189 -0.035157643 0.008290569 0.999934614 -0.007873765 -0.073197298 0.009229437 0.007797181 0.999927044 3.370895863
0.999909580 -0.008361931 -0.010536572 -0.046245456 0.008285775 0.999939382 -0.007250828 -0.085244350 0.010596564 0.007162867 0.999918282 3.953990698
0.999895632 -0.008771328 -0.011480780 -0.058717947 0.008683300 0.999932706 -0.007694971 -0.099458814 0.011547502 0.007594477 0.999904513 4.545963287
0.999883771 -0.008300172 -0.012788021 -0.067940056 0.008166259 0.999911666 -0.010488619 -0.114105031 0.012873949 0.010382972 0.999863207 5.137878418
0.999881327 -0.006571772 -0.013935064 -0.083957158 0.006373143 0.999878049 -0.014250740 -0.129790306 0.014027020 0.014160238 0.999801338 5.740242481
0.999868393 -0.005388865 -0.015295345 -0.099010512 0.005113177 0.999824703 -0.018006478 -0.141922683 0.015389699 0.017925901 0.999720871 6.355110645
0.999858499 -0.003536261 -0.016441347 -0.117385983 0.003241788 0.999834478 -0.017902706 -0.157352746 0.016501933 0.017846875 0.999704540 6.984554291
0.999840736 -0.001393975 -0.017787872 -0.129481286 0.001195262 0.999936819 -0.011176992 -0.165614188 0.017802332 0.011153950 0.999779284 7.624010563
0.999834955 -0.000258689 -0.018159274 -0.150221661 0.000250146 0.999999821 -0.000472717 -0.180719435 0.018159397 0.000468096 0.999834895 8.282016754
0.999816358 0.000403555 -0.019157588 -0.167463407 -0.000285090 0.999980807 0.006186014 -0.191779375 0.019159721 -0.006179417 0.999797404 8.968058586
0.999783814 0.002761935 -0.020606358 -0.183108598 -0.002660168 0.999984264 0.004964330 -0.204446331 0.020619743 -0.004908441 0.999775350 9.648436546
0.999766648 0.004712956 -0.021076756 -0.210484982 -0.004760645 0.999986172 -0.002213072 -0.211037889 0.021066036 0.002312895 0.999775410 10.341486931
0.999740243 0.004390819 -0.022360360 -0.227683589 -0.004572968 0.999956727 -0.008101512 -0.210934162 0.022323823 0.008201662 0.999717116 11.051882744
0.999723017 0.001926428 -0.023452621 -0.244057253 -0.002081554 0.999976099 -0.006591837 -0.211878613 0.023439363 0.006638829 0.999703169 11.788168907
0.999715447 0.001455619 -0.023808189 -0.267985731 -0.001392938 0.999995530 0.002649138 -0.225096092 0.023811938 -0.002615221 0.999712944 12.548955917
0.999712229 0.001103701 -0.023959743 -0.291996658 -0.000862422 0.999948919 0.010078156 -0.230299860 0.023969641 -0.010054593 0.999662101 13.323561668
0.999696672 0.000215937 -0.024631288 -0.316085011 0.000093875 0.999921024 0.012576144 -0.232727423 0.024632055 -0.012574641 0.999617457 14.114219666
0.999691188 -0.001615360 -0.024798278 -0.334175050 0.001902602 0.999931455 0.011563915 -0.231884480 0.024777895 -0.011607525 0.999625623 14.919684410
0.999703705 -0.002269512 -0.024240635 -0.356611490 0.002493273 0.999954581 0.009204595 -0.234487742 0.024218645 -0.009262303 0.999663770 15.747333527
0.999722719 0.000459919 -0.023541059 -0.383399665 -0.000321004 0.999982595 0.005904434 -0.235907584 0.023543363 -0.005895239 0.999705374 16.583700180
0.999733806 -0.002891309 -0.022886276 -0.402851075 0.002891229 0.999995947 -0.000036576 -0.237584203 0.022886287 -0.000029605 0.999738038 17.442873001
0.999740303 -0.005647333 -0.022077467 -0.420688212 0.005512847 0.999965966 -0.006147701 -0.248897970 0.022111433 0.006024392 0.999737382 18.310119629
0.999763072 -0.004531946 -0.021288482 -0.436302990 0.004287650 0.999924719 -0.011507098 -0.264073253 0.021339027 0.011413096 0.999707282 19.220666885
0.999775171 -0.003516004 -0.020908926 -0.462779343 0.003259957 0.999919415 -0.012267256 -0.279374331 0.020950371 0.012196339 0.999706149 20.127536774
0.999760389 -0.003274926 -0.021642238 -0.481538475 0.003020808 0.999926269 -0.011764053 -0.297628760 0.021679167 0.011695857 0.999696612 21.064043045
0.999770164 -0.001603267 -0.021375271 -0.512972355 0.001322954 0.999913037 -0.013121582 -0.323558748 0.021394445 0.013090290 0.999685407 22.001811981
0.999775827 0.001689853 -0.021105632 -0.534748435 -0.002011839 0.999881744 -0.015244023 -0.345859200 0.021077381 0.015283065 0.999660969 22.973527908
0.999754727 0.004929312 -0.021590412 -0.560316920 -0.005273711 0.999859214 -0.015923759 -0.370535791 0.021508884 0.016033711 0.999640048 23.940143585
0.999751270 0.006741776 -0.021257196 -0.597365797 -0.007083752 0.999845982 -0.016053472 -0.395143300 0.021145696 0.016200056 0.999645114 24.922470093
0.999737799 0.007745798 -0.021551274 -0.623971760 -0.008092877 0.999838114 -0.016064417 -0.422498047 0.021423358 0.016234612 0.999638617 25.896642685
0.999729097 0.007446899 -0.022049580 -0.638917506 -0.007802466 0.999840140 -0.016083958 -0.448552996 0.021926284 0.016251639 0.999627471 26.866872787
0.999711096 0.008561755 -0.022460734 -0.658627629 -0.008895018 0.999851286 -0.014779914 -0.485510767 0.022330852 0.014975431 0.999638438 27.903493881
0.999699175 0.009197954 -0.022739081 -0.685989618 -0.009483675 0.999877095 -0.012489364 -0.515135229 0.022621408 0.012701255 0.999663413 28.920852661
0.999689877 0.009830893 -0.022884147 -0.716153443 -0.010092925 0.999884546 -0.011363108 -0.542478323 0.022769796 0.011590553 0.999673605 29.940996170
0.999679089 0.010096939 -0.023237692 -0.738860428 -0.010385393 0.999870121 -0.012326070 -0.568500280 0.023110222 0.012563445 0.999654055 30.975517273
0.999663055 0.011236679 -0.023397248 -0.768291712 -0.011560858 0.999838293 -0.013766595 -0.593514562 0.023238776 0.014032447 0.999631464 31.997385025
0.999659479 0.010780707 -0.023763334 -0.798623383 -0.011084306 0.999858081 -0.012681509 -0.622032225 0.023623247 0.012940587 0.999637187 33.033088684
0.999648213 0.010742398 -0.024248905 -0.830661774 -0.010994556 0.999886572 -0.010289436 -0.645099401 0.024135623 0.010552422 0.999652982 34.088706970
0.999635100 0.010636949 -0.024830198 -0.859939456 -0.010805453 0.999919474 -0.006662054 -0.668800294 0.024757337 0.006927926 0.999669433 35.149452209
0.999620736 0.010789840 -0.025334418 -0.893097103 -0.010907133 0.999930441 -0.004496212 -0.688665986 0.025284143 0.004770833 0.999668896 36.210792542
0.999613047 0.010289316 -0.025844928 -0.924708784 -0.010381676 0.999940217 -0.003442087 -0.717012942 0.025807964 0.003709070 0.999660015 37.275295258
0.999603450 0.010258379 -0.026224380 -0.961970925 -0.010394931 0.999933183 -0.005076107 -0.735500276 0.026170557 0.005346695 0.999643147 38.350692749
0.999582231 0.010941914 -0.026747625 -0.998543561 -0.011099581 0.999921799 -0.005753257 -0.754864216 0.026682578 0.006047743 0.999625623 39.445461273
0.999567509 0.010790735 -0.027354300 -1.035226703 -0.010919790 0.999929905 -0.004572985 -0.772155225 0.027303033 0.004869712 0.999615371 40.529846191
0.999556005 0.010822150 -0.027762083 -1.084021807 -0.010905889 0.999936461 -0.002866648 -0.792377532 0.027729293 0.003168144 0.999610484 41.623989105
0.999549031 0.010441795 -0.028152892 -1.126752019 -0.010442646 0.999945462 0.000116757 -0.821171880 0.028152574 0.000177286 0.999603689 42.718685150
0.999508739 0.011881363 -0.028998008 -1.147064328 -0.011892020 0.999929249 -0.000195133 -0.843842089 0.028993636 0.000539882 0.999579370 43.800022125
0.999479830 0.013109577 -0.029463669 -1.185747147 -0.013231732 0.999904633 -0.003954820 -0.865266681 0.029409016 0.004342618 0.999557972 44.874080658
0.999468327 0.014298805 -0.029297883 -1.229393601 -0.014536330 0.999863088 -0.007910391 -0.888758302 0.029180760 0.008332071 0.999539316 45.952571869
0.999467850 0.014995046 -0.028966611 -1.279667258 -0.015238489 0.999850273 -0.008201901 -0.912404180 0.028839290 0.008638944 0.999546707 47.028579712
0.999455690 0.014729392 -0.029518405 -1.295324564 -0.014896615 0.999874115 -0.005453131 -0.942989767 0.029434370 0.005889889 0.999549329 48.165550232
0.999453008 0.015247443 -0.029345317 -1.331586361 -0.015352666 0.999876380 -0.003363716 -0.966869056 0.029290404 0.003812406 0.999563634 49.253787994
0.999472320 0.013769385 -0.029421670 -1.372474313 -0.013839518 0.999901831 -0.002181435 -0.986483157 0.029388750 0.002587467 0.999564648 50.335922241
0.999479532 0.014157501 -0.028988209 -1.409890532 -0.014247078 0.999894321 -0.002885924 -1.012989998 0.028944291 0.003297421 0.999575555 51.432853699
0.999491572 0.013275962 -0.028984984 -1.438871622 -0.013425467 0.999897599 -0.004969529 -1.031463742 0.028916040 0.005356139 0.999567449 52.544345856
0.999502122 0.013279207 -0.028614782 -1.472335696 -0.013493223 0.999882340 -0.007299195 -1.051498294 0.028514486 0.007681667 0.999563813 53.637683868
0.999516606 0.012433790 -0.028491329 -1.507459641 -0.012702394 0.999876380 -0.009266116 -1.088476181 0.028372597 0.009623544 0.999550998 54.734062195
0.999545753 0.010693052 -0.028177056 -1.546191335 -0.011052864 0.999858975 -0.012644937 -1.120909333 0.028037872 0.012950632 0.999522924 55.810802460
0.999558926 0.009026618 -0.028292764 -1.574179173 -0.009439650 0.999850273 -0.014499151 -1.150841713 0.028157650 0.014759832 0.999494553 56.899223328
0.999589562 0.007479487 -0.027652923 -1.609517813 -0.007813034 0.999897838 -0.011973617 -1.184578180 0.027560541 0.012184759 0.999545872 57.984092712
0.999607325 0.006134230 -0.027345579 -1.644842029 -0.006312154 0.999959469 -0.006424859 -1.207718730 0.027305059 0.006594943 0.999605358 59.083396912
0.999619484 0.004639023 -0.027191715 -1.674142838 -0.004650826 0.999989152 -0.000370829 -1.230159283 0.027189698 0.000497151 0.999630153 60.175727844
0.999630988 0.003159276 -0.026980095 -1.705631375 -0.003156356 0.999995172 0.000150836 -1.251790524 0.026980435 -0.000065621 0.999635994 61.271072388
0.999627948 -0.000100447 -0.027278824 -1.730722904 0.000022010 0.999996006 -0.002875678 -1.268426895 0.027279001 0.002874008 0.999623775 62.364986420
0.999643147 -0.001490693 -0.026673632 -1.770820141 0.001326530 0.999980092 -0.006171159 -1.288026810 0.026682297 0.006133573 0.999625266 63.452632904
0.999642611 0.000883101 -0.026716104 -1.809747458 -0.001147895 0.999950349 -0.009897718 -1.322204471 0.026706032 0.009924845 0.999594033 64.551170349
0.999643028 0.001013040 -0.026697772 -1.841630697 -0.001393616 0.999897599 -0.014240235 -1.348054647 0.026680613 0.014272354 0.999542117 65.643325806
0.999647975 0.004149360 -0.026203692 -1.877272367 -0.004542729 0.999877572 -0.014970388 -1.376978874 0.026138367 0.015084151 0.999544501 66.738334656
0.999658644 0.007671513 -0.024974350 -1.929213881 -0.007955611 0.999904513 -0.011296161 -1.410638452 0.024885310 0.011490989 0.999624252 67.852287292
0.999649763 0.009052665 -0.024864981 -1.964233398 -0.009281056 0.999915659 -0.009085280 -1.438422084 0.024780642 0.009312870 0.999649465 68.949127197
0.999654531 0.008051069 -0.025018675 -1.994905233 -0.008263644 0.999930501 -0.008404878 -1.464831829 0.024949268 0.008608717 0.999651670 70.046554565
0.999670565 0.006557927 -0.024809895 -2.024885654 -0.006747185 0.999948680 -0.007552234 -1.494896889 0.024759099 0.007717143 0.999663711 71.151687622
0.999672413 0.005582507 -0.024975402 -2.057462692 -0.005736258 0.999965012 -0.006088626 -1.522460341 0.024940539 0.006229896 0.999669552 72.243354797
0.999669194 0.003950314 -0.025411181 -2.086512804 -0.004059313 0.999982774 -0.004239198 -1.547478795 0.025393998 0.004340947 0.999668062 73.345947266
0.999655604 0.002917626 -0.026074558 -2.122017384 -0.002981098 0.999992669 -0.002395706 -1.573396802 0.026067380 0.002472612 0.999657154 74.450683594
0.999646068 0.002370721 -0.026492616 -2.156540871 -0.002463958 0.999990880 -0.003487234 -1.599678636 0.026484109 0.003551276 0.999642968 75.540954590
0.999624312 0.002499253 -0.027293870 -2.186347723 -0.002699571 0.999969721 -0.007304891 -1.626770496 0.027274782 0.007375828 0.999600768 76.620399475
0.999594688 0.003052507 -0.028304201 -2.216144323 -0.003319228 0.999950469 -0.009381169 -1.653085589 0.028274162 0.009471314 0.999555349 77.698440552
0.999578357 0.004689900 -0.028653499 -2.257146597 -0.004913777 0.999957860 -0.007747826 -1.681375265 0.028615955 0.007885355 0.999559462 78.781188965
0.999551833 0.006025687 -0.029321669 -2.296622276 -0.006139825 0.999973834 -0.003804131 -1.700557947 0.029297983 0.003982455 0.999562740 79.855140686
0.999532044 0.006997726 -0.029778613 -2.331436396 -0.006983068 0.999975622 0.000596189 -1.732628226 0.029782055 -0.000387964 0.999556363 80.940551758
0.999503791 0.008280199 -0.030391363 -2.374544382 -0.008245775 0.999965310 0.001257837 -1.751985431 0.030400721 -0.001006613 0.999537289 82.009803772
0.999490559 0.008243107 -0.030832915 -2.416564703 -0.008278790 0.999965250 -0.001029835 -1.769756556 0.030823348 0.001284570 0.999523997 83.071212769
0.999478340 0.007960288 -0.031300351 -2.453521490 -0.008010437 0.999966860 -0.001477049 -1.798933744 0.031287558 0.001727007 0.999508917 84.151390076
0.999467373 0.007167265 -0.031837683 -2.488848686 -0.007218609 0.999972880 -0.001497998 -1.822003126 0.031826086 0.001727024 0.999491870 85.205390930
0.999446094 0.005859599 -0.032760214 -2.525259256 -0.005904818 0.999981761 -0.001283765 -1.839632869 0.032752097 0.001476496 0.999462426 86.244705200
0.999437928 0.005077436 -0.033136230 -2.564599752 -0.005077070 0.999987066 0.000095200 -1.869325399 0.033136282 0.000073088 0.999450803 87.283729553
0.999430656 0.005445394 -0.033296738 -2.607361555 -0.005354300 0.999981642 0.002824392 -1.891348600 0.033311501 -0.002644503 0.999441445 88.285957336
0.999394953 0.004454358 -0.034495529 -2.646200180 -0.004319752 0.999982774 0.003975705 -1.916138172 0.034512646 -0.003824287 0.999396920 89.266815186
0.999321342 0.003214033 -0.036693692 -2.686444998 -0.003063698 0.999986708 0.004152536 -1.932551622 0.036706548 -0.004037300 0.999317944 90.242294312
0.999196708 0.002572134 -0.039990172 -2.727241516 -0.002450429 0.999992251 0.003092093 -1.950464487 0.039997816 -0.002991617 0.999195337 91.174819946
0.999055684 0.002244546 -0.043387689 -2.773404360 -0.002144779 0.999994993 0.002345849 -1.970043063 0.043392733 -0.002250576 0.999055564 92.098815918
0.998924613 0.002039415 -0.046317223 -2.826377869 -0.001909736 0.999994159 0.002843882 -1.989935398 0.046322744 -0.002752371 0.998922646 92.998001099
0.998775721 0.003185532 -0.049364284 -2.877022982 -0.003002011 0.999988377 0.003791375 -2.005618811 0.049375787 -0.003638542 0.998773575 93.864112854
0.998621225 0.004092195 -0.052334893 -2.930246830 -0.003843197 0.999980748 0.004857537 -2.022161961 0.052353770 -0.004649706 0.998617768 94.707977295
0.998432815 0.005613721 -0.055679929 -2.977796078 -0.005267669 0.999965906 0.006359850 -2.037678242 0.055713728 -0.006056579 0.998428404 95.525169373
0.998281717 0.006720182 -0.058209840 -3.032922506 -0.006314899 0.999954522 0.007143594 -2.053222656 0.058255207 -0.006763731 0.998278797 96.313705444
0.998135805 0.008690058 -0.060410816 -3.088253260 -0.008229434 0.999935210 0.007869475 -2.070967913 0.060475286 -0.007357657 0.998142600 97.075996399
0.997928023 0.010405398 -0.063493729 -3.136880398 -0.010005642 0.999928117 0.006610749 -2.083251715 0.063557945 -0.005961755 0.997960329 97.807334900
0.997762680 0.011828854 -0.065801442 -3.196045160 -0.011656060 0.999927580 0.003009290 -2.102475405 0.065832280 -0.002235572 0.997828245 98.496856689
0.997565508 0.014283321 -0.068259567 -3.256019592 -0.014356522 0.999896824 -0.000581966 -2.114752054 0.068244211 0.001560519 0.997667432 99.171325684
0.997399569 0.016069900 -0.070256069 -3.305767775 -0.016353020 0.999860287 -0.003456454 -2.132193089 0.070190720 0.004596364 0.997522950 99.829002380
0.997296512 0.018170990 -0.071200050 -3.354827881 -0.018520363 0.999819458 -0.004249803 -2.148613453 0.071109965 0.005556965 0.997452974 100.443511963
0.997314632 0.020539638 -0.070297226 -3.405703068 -0.020852270 0.999775648 -0.003716269 -2.165512085 0.070205130 0.005172146 0.997519076 101.030181885
0.997496247 0.024136942 -0.066473365 -3.471056700 -0.024358939 0.999700129 -0.002531069 -2.177735090 0.066392325 0.004143953 0.997784913 101.601287842
0.997726798 0.026784467 -0.061836857 -3.489434481 -0.026889054 0.999638200 -0.000859670 -2.195553064 0.061791457 0.002520452 0.998085856 102.144973755
0.998148382 0.027534263 -0.054236300 -3.522884607 -0.027500233 0.999620914 0.001373826 -2.211340189 0.054253552 0.000120230 0.998527110 102.656776428
0.998630166 0.027582766 -0.044462629 -3.543266058 -0.027442073 0.999616385 0.003771663 -2.222273111 0.044549584 -0.002546348 0.999003947 103.162109375
0.999089181 0.027248522 -0.032837559 -3.542931318 -0.027097564 0.999620140 0.005033537 -2.235466003 0.032962240 -0.004139135 0.999448061 103.651657104
0.999461234 0.026414221 -0.019480087 -3.542611122 -0.026318712 0.999640405 0.005143235 -2.245687008 0.019608935 -0.004627774 0.999797046 104.110626221
0.999644220 0.026325693 -0.004273335 -3.535373211 -0.026307706 0.999645054 0.004212601 -2.255686760 0.004382715 -0.004098680 0.999981999 104.549018860
0.999600649 0.024865123 0.013424560 -3.510281563 -0.024881566 0.999689877 0.001059322 -2.265762091 -0.013394061 -0.001392924 0.999909401 104.971870422
0.999087274 0.024468703 0.035011727 -3.488198519 -0.024363929 0.999697387 -0.003416211 -2.278616905 -0.035084721 0.002560070 0.999381125 105.390357971
0.998019218 0.022334911 0.058811307 -3.434202671 -0.021875689 0.999725044 -0.008440785 -2.286426783 -0.058983643 0.007137529 0.998233438 105.798126221
0.996052980 0.020196998 0.086432129 -3.382493019 -0.019296261 0.999750614 -0.011244233 -2.297945499 -0.086637661 0.009532036 0.996194303 106.207946777
0.993119657 0.017227357 0.115829550 -3.305693626 -0.015924605 0.999799192 -0.012163233 -2.312477827 -0.116015837 0.010235008 0.993194699 106.591979980
0.988846302 0.014592173 0.148223460 -3.220263481 -0.012678899 0.999823689 -0.013844785 -2.330735683 -0.148399398 0.011811052 0.988856971 106.947967529
0.982728601 0.012382487 0.184637904 -3.129669189 -0.009721769 0.999835491 -0.015308836 -2.343832493 -0.184797108 0.013249421 0.982687414 107.320732117
0.974861205 0.009107082 0.222626820 -3.009023666 -0.005724336 0.999858260 -0.015835278 -2.358606815 -0.222739473 0.014162807 0.974775076 107.682495117
0.964811444 0.007014208 0.262849897 -2.885227203 -0.002723235 0.999857128 -0.016685568 -2.373127460 -0.262929380 0.015382619 0.964692414 108.030097961
0.952444792 0.007449054 0.304620564 -2.757860184 -0.002305283 0.999848664 -0.017242018 -2.393965244 -0.304702878 0.015719831 0.952317655 108.351181030
0.937231839 0.009705404 0.348571897 -2.608505249 -0.003699757 0.999833107 -0.017890869 -2.405520678 -0.348687351 0.015478260 0.937111259 108.676727295
0.919524193 0.010216833 0.392900944 -2.434482574 -0.003827445 0.999847472 -0.017042076 -2.412312031 -0.393015087 0.014166794 0.919422865 108.993194580
0.899106979 0.008712114 0.437642276 -2.255588531 -0.002116146 0.999876738 -0.015556995 -2.425801992 -0.437723815 0.013061285 0.899014592 109.300453186
0.875816286 0.007521494 0.482586265 -2.065254211 0.000054994 0.999877036 -0.015683688 -2.442351580 -0.482644856 0.013762564 0.875707984 109.576629639
0.850502133 0.008990084 0.525895000 -1.845611572 0.000837998 0.999829531 -0.018447164 -2.452489853 -0.525971174 0.016130049 0.850349307 109.869415283
0.823570788 0.010588041 0.567114651 -1.621208191 0.001954320 0.999766886 -0.021503750 -2.473214388 -0.567210078 0.018818183 0.823358119 110.112937927
0.792343855 0.015232047 0.609884679 -1.389526367 0.000287929 0.999678791 -0.025341338 -2.492987633 -0.610074878 0.020254653 0.792084813 110.380668640
0.758567452 0.021457469 0.651241243 -1.134605408 -0.003187322 0.999567986 -0.029221736 -2.504004002 -0.651586831 0.020090939 0.758308053 110.631713867
0.721010268 0.026324242 0.692424178 -0.863788605 -0.004832057 0.999444723 -0.032964855 -2.505085468 -0.692907631 0.020422168 0.720737159 110.879943848
0.681864202 0.026326343 0.731004834 -0.567882538 -0.002910656 0.999441862 -0.033278819 -2.524825573 -0.731473088 0.020563928 0.681560338 111.105117798
0.641216576 0.023806823 0.766990662 -0.255329132 0.001125508 0.999488354 -0.031964332 -2.538710356 -0.767359138 0.021359310 0.640861690 111.301742554
0.596631467 0.021967862 0.802214622 0.070697784 0.002786726 0.999562502 -0.029444616 -2.546064615 -0.802510500 0.019803137 0.596309245 111.513557434
0.553065896 0.020609777 0.832882524 0.412483215 0.005173117 0.999589741 -0.028170114 -2.543608427 -0.833121479 0.019888528 0.552732348 111.632720947
0.505222440 0.018136794 0.862798512 0.771194458 0.007085013 0.999658227 -0.025162423 -2.553385973 -0.862959981 0.018825561 0.504921257 111.797637939
0.454133362 0.014354855 0.890818059 1.140026093 0.010418637 0.999716222 -0.021421023 -2.562795162 -0.890872777 0.019009108 0.453854859 111.948974609
0.401762426 0.014469426 0.915629625 1.496929169 0.006620044 0.999803185 -0.018704355 -2.589920044 -0.915719986 0.013576217 0.401587427 112.079238892
0.350152850 0.019219564 0.936495423 1.884662628 0.003070915 0.999760509 -0.021666154 -2.604198217 -0.936687589 0.010462360 0.350009859 112.204078674
0.299953192 0.025101598 0.953623652 2.295238495 0.001690110 0.999638200 -0.026844416 -2.610453844 -0.953952491 0.009663797 0.299802154 112.300979614
0.253368735 0.027157824 0.966988564 2.702802658 0.003488789 0.999573708 -0.028987106 -2.622955561 -0.967363536 0.010718044 0.253165931 112.372215271
0.212299019 0.026902188 0.976834416 3.123016357 0.010483738 0.999500751 -0.029804897 -2.639969110 -0.977148592 0.016568424 0.211910963 112.420738220
0.177329004 0.026631320 0.983791292 3.557373047 0.019110151 0.999352217 -0.030497173 -2.651335239 -0.983966112 0.024208432 0.176705167 112.458091736
0.146637216 0.027972147 0.988794804 4.006944656 0.023090668 0.999230921 -0.031691700 -2.665433645 -0.988920867 0.027479112 0.145878553 112.499626160
0.118383318 0.025973856 0.992628276 4.478639603 0.021470414 0.999357164 -0.028710550 -2.688271046 -0.992735922 0.024710989 0.117749497 112.547203064
0.092815444 0.022967763 0.995418429 4.990573883 0.015099192 0.999586463 -0.024471829 -2.698493242 -0.995568931 0.017301375 0.092430279 112.596519470
0.069403082 0.018941119 0.997408867 5.453782558 0.010081306 0.999755323 -0.019687174 -2.715442657 -0.997537732 0.011421533 0.069195151 112.620735168
0.046743348 0.016372250 0.998772740 5.978540421 0.014258105 0.999752879 -0.017055612 -2.735232592 -0.998805106 0.015037841 0.046498358 112.627578735
0.026647106 0.017143831 0.999497950 6.516388416 0.021917133 0.999602497 -0.017729953 -2.752216339 -0.999404550 0.022378579 0.026260771 112.613250732
0.009188190 0.019669846 0.999764323 7.069852829 0.026887475 0.999440134 -0.019910576 -2.768258810 -0.999596179 0.027064076 0.008654173 112.599243164
-0.005792096 0.025002928 0.999670565 7.677996635 0.026112860 0.999350190 -0.024843620 -2.784495354 -0.999642134 0.025960358 -0.006441236 112.610855103
-0.015888952 0.029827885 0.999428749 8.268733978 0.024785694 0.999259531 -0.029428793 -2.793071270 -0.999566495 0.024303945 -0.016616488 112.589614868
-0.022563271 0.029375408 0.999313712 8.888595581 0.026703091 0.999229252 -0.028770007 -2.812236071 -0.999388695 0.026035618 -0.023330301 112.574638367
-0.025147043 0.026675507 0.999327779 9.537839890 0.033104151 0.999117851 -0.025836872 -2.826581955 -0.999135554 0.032432180 -0.026007932 112.554122925
-0.024628315 0.024704646 0.999391377 10.189322472 0.033995677 0.999137104 -0.023860592 -2.855949879 -0.999118507 0.033387341 -0.025446916 112.530212402
-0.022322834 0.024265883 0.999456227 10.879200935 0.033159155 0.999173284 -0.023518408 -2.879318237 -0.999200821 0.032616127 -0.023109023 112.517036438
-0.020778745 0.024818499 0.999475956 11.563570023 0.030120376 0.999253631 -0.024186784 -2.897398949 -0.999330342 0.029602023 -0.021510778 112.508621216
-0.019697990 0.025974467 0.999468505 12.274478912 0.029027572 0.999256015 -0.025396854 -2.918525457 -0.999384522 0.028511880 -0.020437311 112.503875732
-0.018697884 0.026656797 0.999469757 12.997020721 0.028402900 0.999255240 -0.026119722 -2.947456598 -0.999421597 0.027899459 -0.019441094 112.488876343
-0.018230684 0.026452860 0.999483764 13.745862961 0.027645146 0.999281049 -0.025943240 -2.967408419 -0.999451518 0.027157916 -0.018948870 112.487487793
-0.017574556 0.025021216 0.999532402 14.503174782 0.026938884 0.999335766 -0.024542630 -2.993982792 -0.999482632 0.026494961 -0.018236924 112.478584290
-0.016662812 0.023423484 0.999586701 15.256590843 0.027757876 0.999351084 -0.022955243 -3.028984785 -0.999475777 0.027363909 -0.017302182 112.455612183
-0.017327733 0.021217884 0.999624670 16.043134689 0.028074015 0.999390960 -0.020726284 -3.052991390 -0.999455690 0.027704343 -0.017912854 112.446960449
-0.018887637 0.019550409 0.999630451 16.827293396 0.024897495 0.999507964 -0.019077586 -3.082286358 -0.999511600 0.024527963 -0.019365102 112.444099426
-0.019461818 0.018457623 0.999640226 17.619878769 0.025481794 0.999513924 -0.017959191 -3.105724335 -0.999485731 0.025123112 -0.019922690 112.420715332
-0.020592477 0.016112614 0.999658108 18.415843964 0.027971640 0.999487996 -0.015533670 -3.123164654 -0.999396563 0.027642198 -0.021032626 112.401962280
-0.022230608 0.014385125 0.999649346 19.230382919 0.029145898 0.999480784 -0.013734539 -3.147265196 -0.999327898 0.028830355 -0.022638334 112.391311646
-0.023720384 0.013218183 0.999631166 20.053989410 0.026961895 0.999557316 -0.012577424 -3.179258347 -0.999354899 0.026653612 -0.024066271 112.370841980
-0.024536047 0.018173385 0.999533713 20.872592926 0.023337618 0.999572635 -0.017601214 -3.204415798 -0.999426425 0.022894874 -0.024949681 112.355232239
-0.025444765 0.022736000 0.999417663 21.707757950 0.024694068 0.999450564 -0.022108044 -3.229034901 -0.999371111 0.024117151 -0.025992226 112.338386536
-0.026824104 0.024724530 0.999334276 22.545270920 0.024549296 0.999408901 -0.024067422 -3.251381397 -0.999338627 0.023887370 -0.027415220 112.321495056
-0.028418427 0.022402409 0.999344945 23.392597198 0.021137802 0.999538720 -0.021805653 -3.284369707 -0.999372542 0.020504275 -0.028878858 112.309120178
-0.029036026 0.017954294 0.999417067 24.233278275 0.018553749 0.999676108 -0.017419904 -3.316594362 -0.999406278 0.018037125 -0.029359732 112.286964417
-0.029436560 0.012777328 0.999484956 25.090013504 0.017104857 0.999778390 -0.012277309 -3.342427254 -0.999420345 0.016734645 -0.029648585 112.269470215
-0.029592337 0.006973638 0.999537706 25.935428619 0.013600091 0.999885917 -0.006573421 -3.367093801 -0.999469519 0.013399279 -0.029683795 112.249511719
-0.029454490 0.005167548 0.999552846 26.785625458 0.010783656 0.999930143 -0.004851728 -3.398210526 -0.999507904 0.010635927 -0.029508147 112.236907959
-0.028378176 0.012442835 0.999519765 27.618265152 0.013135301 0.999840736 -0.012073899 -3.424673319 -0.999510884 0.012786360 -0.028537111 112.203811646
-0.026887413 0.023426250 0.999363899 28.447751999 0.015929023 0.999608457 -0.023003418 -3.450483799 -0.999511540 0.015300391 -0.027250046 112.175758362
-0.027031202 0.028891511 0.999216974 29.284101486 0.017579399 0.999441266 -0.028422438 -3.471254349 -0.999479949 0.016797345 -0.027524000 112.165107727
-0.025810715 0.023271287 0.999395847 30.128030777 0.019022036 0.999559343 -0.022783823 -3.506744623 -0.999485850 0.018422481 -0.026242010 112.144859314
-0.024858184 0.015630247 0.999568880 30.958055496 0.022227747 0.999639213 -0.015078570 -3.538300276 -0.999443829 0.021843344 -0.025196647 112.124443054
-0.023895450 0.013007501 0.999629796 31.788562775 0.023641955 0.999643087 -0.012442526 -3.562748909 -0.999434888 0.023335885 -0.024194444 112.102386475
-0.024277352 0.013718560 0.999611080 32.607158661 0.022726649 0.999654949 -0.013167205 -3.587462664 -0.999446809 0.022398146 -0.024580756 112.088905334
-0.025031023 0.014234287 0.999585271 33.422790527 0.018906353 0.999726593 -0.013762854 -3.619262695 -0.999507844 0.018554017 -0.025293298 112.072654724
-0.027183240 0.014345703 0.999527454 34.243423462 0.017141072 0.999756694 -0.013882820 -3.643743515 -0.999483466 0.016755596 -0.027422529 112.058464050
-0.029126134 0.014205300 0.999474764 35.051830292 0.016921896 0.999762774 -0.013716261 -3.669507742 -0.999432504 0.016513510 -0.029359601 112.033760071
-0.031142473 0.014424230 0.999410808 35.862415314 0.015623708 0.999780774 -0.013942717 -3.697183609 -0.999392927 0.015180293 -0.031361006 112.014648438
-0.033612143 0.014485144 0.999329865 36.689872742 0.013209681 0.999814093 -0.014047854 -3.725723267 -0.999347746 0.012728654 -0.033797242 112.006668091
-0.035957851 0.013991191 0.999255240 37.479541779 0.012303392 0.999832451 -0.013556539 -3.749504089 -0.999277532 0.011806767 -0.036123972 111.984024048
-0.037897363 0.012902818 0.999198258 38.270954132 0.012752903 0.999841452 -0.012427438 -3.774777412 -0.999200225 0.012271713 -0.038055904 111.953773499
-0.039901506 0.012420855 0.999126315 39.049716949 0.011984343 0.999856830 -0.011951325 -3.807672501 -0.999131858 0.011496997 -0.040044647 111.923995972
-0.041816086 0.013921661 0.999028206 39.844432831 0.012542397 0.999831438 -0.013407872 -3.826448917 -0.999046624 0.011969544 -0.041983649 111.900230408
-0.042612929 0.014028142 0.998993039 40.619037628 0.013340523 0.999820292 -0.013470708 -3.851817369 -0.999002576 0.012753063 -0.042792413 111.862709045
-0.043843001 0.012707895 0.998957574 41.388141632 0.014892867 0.999816179 -0.012065189 -3.877235651 -0.998927414 0.014348366 -0.044024199 111.832572937
-0.045484915 0.012136909 0.998891234 42.164264679 0.014833415 0.999824107 -0.011472796 -3.901122808 -0.998854876 0.014295126 -0.045656949 111.804718018
-0.047048368 0.011779445 0.998823106 42.927036285 0.013675250 0.999844253 -0.011147331 -3.924335241 -0.998799026 0.013134690 -0.047202133 111.777191162
-0.048324410 0.010827405 0.998772919 43.690269470 0.011759664 0.999878049 -0.010270407 -3.945647955 -0.998762429 0.011248920 -0.048445851 111.749412537
-0.049611650 0.009546491 0.998722911 44.429492950 0.010538209 0.999903560 -0.009034290 -3.971184254 -0.998713017 0.010076542 -0.049707480 111.724670410
-0.050027996 0.009274641 0.998704731 45.131019592 0.011262160 0.999898493 -0.008721573 -3.996271133 -0.998684347 0.010811251 -0.050127380 111.687332153
-0.050164379 0.011724094 0.998672187 45.835624695 0.011620181 0.999870241 -0.011154464 -4.018540859 -0.998673379 0.011045196 -0.050294120 111.656600952
-0.050438721 0.014597366 0.998620450 46.537651062 0.011634957 0.999833941 -0.014027438 -4.042693138 -0.998659372 0.010911382 -0.050600182 111.626991272
-0.050309841 0.016305810 0.998600602 47.235652924 0.009568081 0.999828696 -0.015843818 -4.063344002 -0.998687863 0.008757593 -0.050457239 111.594390869
-0.051056955 0.017087515 0.998549521 47.940677643 0.009662567 0.999815166 -0.016615117 -4.089108467 -0.998649001 0.008800232 -0.051212646 111.573860168
-0.050728135 0.016856145 0.998570323 48.636737823 0.011019684 0.999806106 -0.016317196 -4.112544060 -0.998651803 0.010176185 -0.050904050 111.537315369
-0.051350772 0.016199358 0.998549342 49.327995300 0.011665981 0.999809921 -0.015619881 -4.137960434 -0.998612523 0.010846964 -0.051530007 111.507644653
-0.051917665 0.016524557 0.998514712 50.029594421 0.007251229 0.999843001 -0.016169513 -4.158990383 -0.998625040 0.006400974 -0.052029334 111.487663269
-0.051204335 0.016305901 0.998555064 50.693672180 0.004965681 0.999858499 -0.016072553 -4.188992023 -0.998675823 0.004135521 -0.051278066 111.451026917
-0.051098343 0.015053954 0.998580217 51.373809814 0.006885091 0.999867916 -0.014721048 -4.212064266 -0.998669922 0.006123093 -0.051195230 111.417938232
-0.052227765 0.014600683 0.998528540 52.059902191 0.007507843 0.999870598 -0.014227612 -4.231367111 -0.998607039 0.006753718 -0.052330624 111.387886047
-0.055786017 0.013841958 0.998346865 52.720336914 0.004092974 0.999898732 -0.013634766 -4.255629539 -0.998434365 0.003325577 -0.055837013 111.357261658
-0.060757916 0.013322092 0.998063624 53.401603699 0.000550199 0.999911308 -0.013313261 -4.280796528 -0.998152316 -0.000259753 -0.060759850 111.323135376
-0.065964043 0.017586397 0.997667074 54.045886993 0.004491472 0.999839723 -0.017327730 -4.296956062 -0.997811913 0.003337986 -0.066032454 111.260612488
-0.073087037 0.020319931 0.997118652 54.702255249 0.006658723 0.999780118 -0.019886099 -4.318795681 -0.997303307 0.005186121 -0.073206253 111.215065002
-0.080065988 0.021905677 0.996548891 55.368808746 0.005944752 0.999751329 -0.021498447 -4.342164040 -0.996771872 0.004202941 -0.080176294 111.157875061
-0.086329348 0.020995045 0.996045351 56.043922424 0.002139216 0.999779642 -0.020888343 -4.366630554 -0.996264398 0.000327479 -0.086355232 111.104469299
-0.092622772 0.020205477 0.995496273 56.744979858 0.001755004 0.999795914 -0.020129457 -4.387761593 -0.995699704 -0.000117346 -0.092639342 111.056289673
-0.096719272 0.020161547 0.995107472 57.424865723 -0.000538294 0.999793708 -0.020308809 -4.419511795 -0.995311558 -0.002499912 -0.096688442 110.987991333
-0.101064645 0.019730410 0.994684219 58.133819580 -0.002532604 0.999794960 -0.020089110 -4.432533741 -0.994876683 -0.004549440 -0.100993946 110.928009033
-0.103395961 0.016451959 0.994504213 58.813217163 -0.002539046 0.999855578 -0.016804464 -4.459249496 -0.994637072 -0.004262605 -0.103339255 110.851913452
-0.105115034 0.013743965 0.994365156 59.527351379 -0.000409405 0.999903798 -0.013863797 -4.477547646 -0.994459987 -0.001864391 -0.105099298 110.778099060
-0.106368013 0.010717488 0.994269073 60.241607666 -0.000899261 0.999940455 -0.010874827 -4.501183510 -0.994326532 -0.002050840 -0.106352016 110.702316284
-0.107873544 0.009868011 0.994115770 60.973373413 -0.002272468 0.999945700 -0.010172473 -4.527010918 -0.994162083 -0.003356437 -0.107845254 110.633987427
-0.107869767 0.013396846 0.994074762 61.683841705 -0.000338685 0.999908626 -0.013512218 -4.546336174 -0.994165063 -0.001794236 -0.107855380 110.549720764
-0.108604193 0.018254444 0.993917465 62.432441711 0.006232611 0.999824286 -0.017681906 -4.562001228 -0.994065523 0.004274374 -0.108698897 110.470993042
-0.109275475 0.023562619 0.993732214 63.174907684 0.013785454 0.999658942 -0.022187237 -4.584080696 -0.993915915 0.011274530 -0.109563023 110.383209229
-0.109914623 0.024053827 0.993649960 63.914905548 0.013729563 0.999648571 -0.022680316 -4.611367702 -0.993846178 0.011149482 -0.110206246 110.300384521
-0.110924974 0.022035750 0.993584454 64.682884216 0.012063961 0.999710381 -0.020824779 -4.638014793 -0.993755519 0.009676577 -0.111158691 110.232734680
-0.110405602 0.017369356 0.993734837 65.433303833 0.012093952 0.999796748 -0.016131656 -4.659623146 -0.993813038 0.010237157 -0.110593237 110.145446777
-0.110333927 0.015433699 0.993774772 66.174858093 0.014956849 0.999791920 -0.013866564 -4.682910919 -0.993782043 0.013333786 -0.110541828 110.055580139
-0.111016676 0.014653809 0.993710458 66.921562195 0.014716273 0.999805808 -0.013099602 -4.709140778 -0.993709624 0.013169440 -0.111210778 109.973625183
-0.113232106 0.015769592 0.993443370 67.672332764 0.013093292 0.999810815 -0.014378300 -4.731499672 -0.993482292 0.011379361 -0.113417163 109.901184082
-0.115162052 0.016495937 0.993209660 68.417785645 0.013075801 0.999800682 -0.015089274 -4.757720470 -0.993260682 0.011249300 -0.115354769 109.813514709
-0.117347650 0.016645378 0.992951334 69.157882690 0.014026118 0.999787569 -0.015102361 -4.782887459 -0.992991865 0.012155023 -0.117556177 109.728294373
-0.119277708 0.016836485 0.992718160 69.904319763 0.014303835 0.999781609 -0.015237641 -4.804583549 -0.992757916 0.012382167 -0.119492486 109.640373230
-0.121316165 0.016614579 0.992474854 70.655471802 0.013821205 0.999791265 -0.015047607 -4.826608181 -0.992517710 0.011891679 -0.121520452 109.552406311
-0.122958504 0.016833955 0.992268980 71.407379150 0.011548690 0.999812663 -0.015530868 -4.849866390 -0.992344558 0.009549753 -0.123129874 109.466018677
-0.124145970 0.018267300 0.992095828 72.159950256 0.011378363 0.999791026 -0.016985159 -4.875176430 -0.992198765 0.009179788 -0.124327883 109.376892090
-0.125093028 0.018497890 0.991972566 72.922508240 0.010139213 0.999797821 -0.017365204 -4.898783684 -0.992093265 0.007885556 -0.125255287 109.287956238
-0.126273021 0.019004127 0.991813600 73.686271667 0.009897421 0.999790788 -0.017896896 -4.919766426 -0.991946220 0.007556502 -0.126434714 109.191543579
-0.127329797 0.017597470 0.991704345 74.470390320 0.010772740 0.999808192 -0.016358109 -4.939257145 -0.991802037 0.008600499 -0.127494916 109.098106384
-0.128459066 0.014799007 0.991604388 75.241706848 0.007654139 0.999873698 -0.013930855 -4.968441963 -0.991685331 0.005800335 -0.128556117 109.002059937
-0.130301476 0.012582855 0.991394579 76.024894714 0.004382179 0.999917030 -0.012115060 -4.991185665 -0.991464734 0.002765859 -0.130345836 108.909088135
-0.132450312 0.012136647 0.991115332 76.813545227 0.005773071 0.999917567 -0.011472935 -5.009666443 -0.991172791 0.004202186 -0.132509455 108.805404663
-0.134113997 0.012390962 0.990888417 77.612960815 0.007042638 0.999908507 -0.011550555 -5.037436008 -0.990940988 0.005429377 -0.134188995 108.700317383
-0.136503622 0.014088057 0.990539372 78.422042847 0.006926938 0.999888062 -0.013266435 -5.052880287 -0.990615308 0.005050489 -0.136585936 108.595993042
-0.137894630 0.017111467 0.990298986 79.218269348 0.007789639 0.999838531 -0.016191628 -5.090339661 -0.990416288 0.005481335 -0.138005674 108.484909058
-0.138279274 0.021113399 0.990168154 80.024406433 0.009939349 0.999751925 -0.019929701 -5.113159657 -0.990343392 0.007085765 -0.138454825 108.368522644
-0.139730841 0.024882365 0.989876807 80.840354919 0.010714846 0.999663711 -0.023615869 -5.141146660 -0.990131617 0.007306515 -0.139950424 108.263885498
-0.139341593 0.026194695 0.989897847 81.666893005 0.013296613 0.999609411 -0.024580006 -5.170787334 -0.990155160 0.009737274 -0.139635444 108.149780273
-0.138472289 0.025374977 0.990041137 82.503395081 0.015879530 0.999600053 -0.023398984 -5.201601028 -0.990239024 0.012481278 -0.138819799 108.020637512
-0.138518229 0.023679724 0.990076721 83.343215942 0.016423902 0.999631524 -0.021610435 -5.230097771 -0.990223646 0.013267485 -0.138856098 107.907974243
-0.137688339 0.021698423 0.990237832 84.170295715 0.015732653 0.999681830 -0.019717801 -5.263604164 -0.990350723 0.012864159 -0.137985870 107.793556213
-0.136470169 0.019130863 0.990459442 85.029617310 0.014306564 0.999747276 -0.017339034 -5.294592381 -0.990540922 0.011803810 -0.136709362 107.692947388
-0.134482473 0.016071668 0.990785480 85.880737305 0.015436803 0.999781132 -0.014122299 -5.318571568 -0.990795732 0.013395361 -0.134701118 107.579582214
-0.132609650 0.012614619 0.991087973 86.735404968 0.015783619 0.999819040 -0.010613867 -5.344470024 -0.991042614 0.014235454 -0.132784784 107.465278625
-0.131035030 0.012434788 0.991299689 87.587539673 0.014525173 0.999838114 -0.010621879 -5.370982170 -0.991271377 0.013006960 -0.131194413 107.358963013
-0.129707277 0.016589765 0.991413474 88.444961548 0.015496139 0.999771774 -0.014702263 -5.400862694 -0.991431415 0.013456092 -0.129934683 107.250473022
-0.127957106 0.023219913 0.991507709 89.293899536 0.016793730 0.999633253 -0.021242922 -5.423069000 -0.991637588 0.013932935 -0.128300086 107.146583557
-0.126451895 0.026419433 0.991620958 90.147155762 0.013646844 0.999597013 -0.024891688 -5.450982094 -0.991878808 0.010384894 -0.126761526 107.043853760
-0.125034526 0.024113601 0.991859317 91.007301331 0.012636083 0.999662220 -0.022710390 -5.478435993 -0.992071867 0.009693635 -0.125297040 106.942405701
