1.000000000 0.000000000 0.000000000 0.000000000 0.000000000 1.000000000 0.000000000 0.000000000 0.000000000 0.000000000 1.000000000 0.000000000
0.999042451 -0.000694548 0.043746203 0.046668809 0.000793770 0.999997139 -0.002250789 -0.021504024 -0.043744516 0.002283358 0.999040127 1.025693893
0.996030450 -0.004876771 0.088879377 0.140062183 0.005545462 0.999958158 -0.007278201 -0.039224975 -0.088840179 0.007742187 0.996015787 2.049555540
0.990862668 -0.004234261 0.134807721 0.271232843 0.005824898 0.999917984 -0.011407061 -0.061387215 -0.134748369 0.012088073 0.990806103 3.055776834
0.983532906 -0.001353794 0.180724785 0.450720161 0.003833943 0.999903202 -0.013374726 -0.094280273 -0.180689171 0.013847368 0.983442783 4.092453003
0.973982036 -0.003811902 0.226593032 0.685136676 0.007021038 0.999886096 -0.013358298 -0.124696836 -0.226516321 0.014601659 0.973897934 5.098680496
0.962289095 -0.004321918 0.271994859 0.958101213 0.008621052 0.999855995 -0.014612952 -0.154571742 -0.271892577 0.016406765 0.962187707 6.103117466
0.948759198 -0.007117797 0.315919727 1.285355568 0.013228718 0.999764502 -0.017202942 -0.188221693 -0.315722883 0.020500658 0.948629975 7.087220669
0.933595061 -0.008723402 0.358223647 1.659833789 0.016653806 0.999679685 -0.019058768 -0.219337076 -0.357942581 0.023758957 0.933441281 8.041456223
0.916300416 -0.008442080 0.400402755 2.068610907 0.017930537 0.999640107 -0.019956701 -0.250649154 -0.400090218 0.025465770 0.916121900 8.981050491
0.896758080 -0.009336120 0.442422569 2.531223774 0.019514715 0.999639153 -0.018460238 -0.288499117 -0.442090571 0.025188122 0.896616697 9.899638176
0.874980450 -0.009141393 0.484071940 3.022730350 0.020115940 0.999644816 -0.017482750 -0.324502289 -0.483740121 0.025034627 0.874853551 10.782485008
0.850988448 -0.009100735 0.525105715 3.558545589 0.020757543 0.999651432 -0.016314553 -0.357418954 -0.524774134 0.024783395 0.850880623 11.650837898
0.825576007 -0.009820254 0.564205527 4.142976761 0.022938112 0.999606311 -0.016165689 -0.397500396 -0.563824534 0.026287816 0.825476110 12.497423172
0.798251688 -0.011619729 0.602212071 4.746922493 0.026336819 0.999531090 -0.015624284 -0.431556672 -0.601747990 0.028332459 0.798183322 13.293292999
0.769449115 -0.010264011 0.638625681 5.412856102 0.026747305 0.999511540 -0.016162347 -0.465973705 -0.638147831 0.029517621 0.769347787 14.103495598
0.738862514 -0.013525512 0.673720479 6.089557648 0.031708866 0.999388814 -0.014711210 -0.497722030 -0.673109770 0.032232475 0.738839746 14.838736534
0.706849933 -0.012670344 0.707249939 6.836733341 0.032025713 0.999387503 -0.014103626 -0.529396892 -0.706638217 0.032619331 0.706822872 15.577274323
0.672889471 -0.011478773 0.739654005 7.584184647 0.033152245 0.999342918 -0.014650852 -0.563099682 -0.738999844 0.034379594 0.672827840 16.249462128
0.637137532 -0.012737541 0.770644844 8.379407883 0.037992250 0.999166965 -0.014895782 -0.588320911 -0.769813180 0.038769189 0.637090743 16.914310455
0.600420117 -0.010899605 0.799610376 9.168725967 0.038061872 0.999163330 -0.014960569 -0.615741253 -0.798778415 0.039417300 0.600332677 17.503559113
0.562517583 -0.009923236 0.826725721 10.010587692 0.041061874 0.999029338 -0.015947765 -0.650465846 -0.825764954 0.042917803 0.562379062 18.081644058
0.523574829 -0.008041698 0.851941824 10.851961136 0.045516178 0.998791456 -0.018544866 -0.674956918 -0.850763023 0.048486758 0.523308158 18.600164413
0.485314518 -0.007129305 0.874310553 11.745765686 0.047377583 0.998712063 -0.018154772 -0.693175435 -0.873055100 0.050233502 0.485027254 19.078639984
0.446922779 -0.008996150 0.894527197 12.643991470 0.052934315 0.998463273 -0.016405562 -0.719537139 -0.893005013 0.054683212 0.446712136 19.517559052
0.410091102 -0.009624213 0.911993921 13.576467514 0.056669079 0.998281121 -0.014947270 -0.749321938 -0.910282314 0.057811588 0.409931660 19.922786713
0.375078529 -0.007056296 0.926966131 14.513374329 0.058027674 0.998188674 -0.015881285 -0.774834156 -0.925175071 0.059746422 0.374808520 20.292276382
0.342046916 -0.008148571 0.939647555 15.456822395 0.058729790 0.998192847 -0.012722315 -0.803101659 -0.937845826 0.059536926 0.341907263 20.624359131
0.308205158 -0.009687809 0.951270700 16.464483261 0.060793277 0.998104811 -0.009531826 -0.825168252 -0.949375451 0.060768604 0.308210045 20.953224182
0.275692105 -0.009619895 0.961197853 17.450443268 0.061260436 0.998093009 -0.007581656 -0.844157338 -0.959291875 0.060973607 0.275755703 21.226856232
0.243333951 -0.006635990 0.969919801 18.459871292 0.059038833 0.998223782 -0.007982047 -0.862375379 -0.968144238 0.059205234 0.243293464 21.488655090
0.212580219 -0.005239604 0.977129579 19.484426498 0.058463175 0.998262346 -0.007366080 -0.882375777 -0.975393116 0.058691975 0.212517172 21.710067749
0.182002082 -0.005002323 0.983285427 20.517620087 0.060448363 0.998152554 -0.006110786 -0.896179795 -0.981438339 0.060550164 0.181968287 21.898483276
0.151343852 -0.005060807 0.988468170 21.595739365 0.062210310 0.998053312 -0.004415110 -0.908996880 -0.986521542 0.062161118 0.151364058 22.053298950
0.120881490 -0.005769397 0.992650151 22.679080963 0.060591843 0.998161495 -0.001577236 -0.921206713 -0.990815997 0.060337171 0.121008806 22.188831329
0.091953903 -0.006161590 0.995744228 23.762100220 0.061346941 0.998116314 0.000511068 -0.932637513 -0.993871748 0.061038863 0.092158675 22.278722763
0.065019041 -0.005889503 0.997866571 24.885574341 0.064090967 0.997942567 0.001713908 -0.937524140 -0.995823681 0.063842811 0.065262735 22.338708878
0.040140271 -0.005372931 0.999179602 26.012384415 0.068279631 0.997662783 0.002621761 -0.943068564 -0.996858418 0.068118371 0.040413316 22.370323181
0.017321208 -0.004678563 0.999838948 27.197488785 0.072572917 0.997357309 0.003409698 -0.938914239 -0.997212648 0.072502151 0.017614976 22.384235382
-0.002588604 -0.004762878 0.999985218 28.351026535 0.078338645 0.996914506 0.004951041 -0.939553618 -0.996923447 0.078350298 -0.002207500 22.371187210
-0.019724268 -0.005363811 0.999791086 29.535011292 0.082759790 0.996545017 0.006979115 -0.938150644 -0.996374309 0.082880154 -0.019212214 22.330907822
-0.035296150 -0.005283445 0.999362886 30.741811752 0.085763261 0.996281028 0.008296192 -0.937092900 -0.995690107 0.086001456 -0.034711748 22.277189255
-0.049875733 -0.006056044 0.998737097 31.953672409 0.087920934 0.996072829 0.010430554 -0.932510614 -0.994877994 0.088330120 -0.049147405 22.224660873
-0.063070707 -0.007058901 0.997984111 33.184654236 0.088054582 0.996035814 0.012610004 -0.928399444 -0.994116962 0.088672392 -0.062199112 22.135293961
-0.074723065 -0.006836105 0.997180879 34.384124756 0.087908976 0.996038139 0.013415668 -0.923372388 -0.993321955 0.088663608 -0.073826060 22.042295456
-0.085874982 -0.004079667 0.996297419 35.598445892 0.087873027 0.996063471 0.011652848 -0.918737411 -0.992423177 0.088548377 -0.085178450 21.941799164
-0.096277557 -0.000621645 0.995354354 36.833995819 0.088082306 0.996071219 0.009142023 -0.909298897 -0.991449475 0.088553287 -0.095844537 21.829357147
-0.105657034 0.001628414 0.994401276 38.093124390 0.089406662 0.995964229 0.007868657 -0.909933507 -0.990375161 0.089737490 -0.105376214 21.698488235
-0.113075122 0.002784664 0.993582547 39.370803833 0.089148812 0.995991290 0.007354211 -0.900161326 -0.989578903 0.089408293 -0.112870082 21.558492661
-0.118199885 0.003436397 0.992983878 40.683723450 0.089120701 0.995995104 0.007161670 -0.892472625 -0.988982379 0.089341938 -0.118032753 21.395648956
-0.123624608 0.005095478 0.992315948 42.009803772 0.090194292 0.995905280 0.006122667 -0.884265184 -0.988221586 0.090258144 -0.123577997 21.239051819
-0.128458872 0.006625623 0.991692722 43.349533081 0.089069635 0.996013522 0.004883140 -0.881079972 -0.987706900 0.088956997 -0.128536865 21.072582245
-0.132632881 0.007116843 0.991139650 44.732868195 0.089745119 0.995952904 0.004858157 -0.882881284 -0.987093866 0.089594297 -0.132734790 20.891975403
-0.136110112 0.006445609 0.990672827 46.120941162 0.088822186 0.996031106 0.005722949 -0.870641470 -0.986703932 0.088772662 -0.136142403 20.726554871
-0.138777271 0.004122572 0.990315020 47.544605255 0.089387022 0.995961726 0.008380123 -0.872568488 -0.986281335 0.089684263 -0.138585314 20.531490326
-0.140530273 0.002955155 0.990071893 48.978130341 0.089296460 0.995957851 0.009701968 -0.862698674 -0.986041188 0.089773327 -0.140226096 20.324083328
-0.143220723 0.003736631 0.989683688 50.418712616 0.092031524 0.995710313 0.009558834 -0.858974099 -0.985402405 0.092451140 -0.142950237 20.136072159
-0.144166395 0.003414376 0.989547551 51.858726501 0.091705710 0.995736659 0.009924803 -0.851477742 -0.985294878 0.092177980 -0.143864900 19.931869507
-0.144429430 0.005086735 0.989501953 53.316482544 0.093931161 0.995541632 0.008592571 -0.831358254 -0.985046744 0.094186090 -0.144263268 19.721805573
-0.144340217 0.005000495 0.989515483 54.812259674 0.093414485 0.995590210 0.008595140 -0.827318549 -0.985108972 0.093675703 -0.144170836 19.498989105
-0.143908396 0.006362657 0.989570558 56.320659637 0.093135789 0.995627820 0.007142680 -0.821409404 -0.985198438 0.093192331 -0.143871799 19.291246414
-0.142902553 0.006619760 0.989714563 57.860172272 0.093688548 0.995577931 0.006868488 -0.808016360 -0.985292494 0.093706451 -0.142890796 19.073841095
-0.141308874 0.004901802 0.989953399 59.426082611 0.092717670 0.995657921 0.008304747 -0.808268905 -0.985614121 0.092959702 -0.141149759 18.850658417
-0.139981776 0.005658980 0.990137815 61.004734039 0.093823113 0.995560169 0.007574369 -0.800943077 -0.985698879 0.093958102 -0.139891192 18.624622345
-0.139705062 0.006353261 0.990172803 62.627605438 0.092949346 0.995648265 0.006725983 -0.785376191 -0.985820889 0.092975579 -0.139687642 18.420703888
-0.138679937 0.007088156 0.990311861 64.239746094 0.093930110 0.995560527 0.006027933 -0.776099563 -0.985872626 0.093856052 -0.138730079 18.189434052
-0.137578994 0.006950256 0.990466356 65.873794556 0.093568526 0.995594680 0.006010729 -0.768436551 -0.986061215 0.093503438 -0.137623250 17.959793091
-0.136234805 0.005465616 0.990661442 67.516601562 0.095329612 0.995416582 0.007617786 -0.756335378 -0.986079216 0.095477186 -0.136131421 17.723468781
-0.135277718 0.003685880 0.990800798 69.174026489 0.097124696 0.995226383 0.009558454 -0.748780668 -0.986035824 0.097524293 -0.134989962 17.495132446
-0.134921193 0.004484442 0.990846097 70.949180603 0.098301314 0.995117068 0.008881683 -0.738213181 -0.985968113 0.098599792 -0.134703189 17.241592407
-0.134043172 0.006438318 0.990954459 72.633224487 0.100421585 0.994919419 0.007119619 -0.731289208 -0.985874176 0.100467555 -0.134008706 17.013656616
-0.133138403 0.006354428 0.991077065 74.339630127 0.099464558 0.995016634 0.006982089 -0.722668648 -0.986093819 0.099506609 -0.133106962 16.777908325
-0.132368878 0.006486914 0.991179228 76.053985596 0.100408226 0.994922400 0.006897785 -0.715591371 -0.986101747 0.100435607 -0.132348016 16.540748596
-0.132110164 0.005535450 0.991219521 77.790428162 0.100286990 0.994927883 0.007810132 -0.709047198 -0.986148775 0.100438230 -0.131995216 16.311286926
-0.131875649 0.005721265 0.991249740 79.515899658 0.101563744 0.994798601 0.007770276 -0.703593373 -0.986049414 0.101699762 -0.131770849 16.087341309
-0.131779671 0.005637123 0.991262972 81.292419434 0.102750666 0.994674861 0.008003273 -0.691991568 -0.985939264 0.102907620 -0.131657213 15.849958420
-0.131835386 0.006645743 0.991249323 83.063484192 0.103172287 0.994638503 0.007053366 -0.686184645 -0.985887885 0.103199348 -0.131814197 15.613812447
-0.132310227 0.007389345 0.991180837 84.864425659 0.102993831 0.994661808 0.006333094 -0.686475992 -0.985842943 0.102923445 -0.132364988 15.369225502
-0.133425787 0.008051071 0.991026044 86.659980774 0.102309458 0.994736254 0.005693118 -0.688773096 -0.985763788 0.102150939 -0.133547217 15.133009911
-0.134935379 0.008629106 0.990816951 88.461997986 0.101403341 0.994832098 0.005145638 -0.689010262 -0.985651970 0.101166464 -0.135113075 14.903752327
-0.135878041 0.007757956 0.990695119 90.281890869 0.100385010 0.994930625 0.005977104 -0.690090418 -0.985626698 0.100263111 -0.135968029 14.663866997
-0.136972174 0.007317145 0.990548015 92.114685059 0.100402951 0.994925380 0.006534162 -0.690344572 -0.985473394 0.100348912 -0.137011811 14.419762611
-0.137570575 0.006271741 0.990472138 93.974098206 0.098001651 0.995159388 0.007310415 -0.688921511 -0.985631704 0.098073609 -0.137519270 14.169191360
-0.139355928 0.006895675 0.990218341 95.801918030 0.097698614 0.995192707 0.006819057 -0.690920174 -0.985411048 0.097693250 -0.139359698 13.924823761
-0.141704127 0.007702689 0.989879012 97.677108765 0.096915349 0.995273769 0.006129062 -0.685607374 -0.985153437 0.096803002 -0.141780958 13.652004242
-0.145988703 0.008642625 0.989248633 99.555770874 0.097375698 0.995231509 0.005675358 -0.679718494 -0.984482229 0.097157300 -0.146134153 13.379388809
-0.150314182 0.007789184 0.988607585 101.431221008 0.095421791 0.995414615 0.006665719 -0.678011596 -0.984022439 0.095336668 -0.150368184 13.100487709
-0.155291572 0.007027087 0.987843692 103.332267761 0.093779504 0.995563388 0.007660374 -0.676023662 -0.983407319 0.093829080 -0.155261621 12.814421654
-0.159692913 0.007653628 0.987137079 105.236450195 0.092506722 0.995685697 0.007245257 -0.679544628 -0.982822835 0.092473835 -0.159711972 12.510169983
-0.164201409 0.009571482 0.986380398 107.154350281 0.093107663 0.995638907 0.005838185 -0.674049139 -0.982022822 0.092798226 -0.164376453 12.185874939
-0.168921039 0.011159767 0.985566437 109.078987122 0.092670999 0.995685995 0.004608979 -0.679974675 -0.981263340 0.092111960 -0.169226497 11.867940903
-0.173486695 0.011245704 0.984772027 111.027000427 0.091482513 0.995795369 0.004744837 -0.684266150 -0.980578065 0.090912595 -0.173786059 11.523994446
-0.178199857 0.010954264 0.983933270 112.976104736 0.089726828 0.995953023 0.005162315 -0.687863111 -0.979894757 0.089205138 -0.178461552 11.177104950
-0.182815045 0.010643910 0.983089685 114.944862366 0.088196032 0.996087253 0.005616275 -0.686923206 -0.979183316 0.087731354 -0.183038533 10.809352875
-0.188045651 0.009776013 0.982111633 116.886093140 0.087100476 0.996176541 0.006761173 -0.687553823 -0.978290617 0.086813785 -0.188178137 10.450670242
-0.192861021 0.009541137 0.981179714 118.865821838 0.087846473 0.996105194 0.007580859 -0.689161658 -0.977285802 0.087655239 -0.192947999 10.056253433
-0.197896034 0.010917320 0.980162144 120.813735962 0.087987125 0.996099293 0.006669877 -0.690092087 -0.976266086 0.087561585 -0.198084667 9.679424286
-0.203194305 0.011864530 0.979066491 122.777755737 0.087572299 0.996139526 0.006103228 -0.693309784 -0.975214422 0.086979263 -0.203448862 9.280948639
-0.209285885 0.012074236 0.977779925 124.756050110 0.088090077 0.996090949 0.006554617 -0.688353240 -0.973878622 0.087504514 -0.209531367 8.883474350
-0.214699864 0.011930071 0.976607203 126.742713928 0.086979903 0.996185780 0.006952647 -0.687057257 -0.972799301 0.086437933 -0.214918658 8.455142975
-0.219791278 0.012810989 0.975462794 128.734039307 0.086366132 0.996243000 0.006376110 -0.682274997 -0.971716464 0.085648350 -0.220071971 8.009763718
-0.225300044 0.013425105 0.974196851 130.733230591 0.085492842 0.996320486 0.006041738 -0.682115495 -0.970531225 0.084648095 -0.225618809 7.570137024
-0.229759455 0.012841134 0.973162651 132.720642090 0.086671248 0.996210039 0.007317449 -0.680181682 -0.969380558 0.086026475 -0.230001658 7.108171463
-0.233368084 0.013020025 0.972301304 134.720291138 0.089053467 0.995994449 0.008036979 -0.669287920 -0.968302011 0.088462375 -0.233592764 6.621109009
-0.237035885 0.013760966 0.971403420 136.751968384 0.090538956 0.995860875 0.007985326 -0.671288610 -0.967272818 0.089842662 -0.237300709 6.130643845
-0.240132973 0.014452373 0.970632434 138.760635376 0.090973824 0.995823681 0.007679329 -0.669184089 -0.966467738 0.090146199 -0.240444914 5.631328583
-0.243635595 0.014875883 0.969752789 140.804580688 0.090462610 0.995871902 0.007450803 -0.662532806 -0.965638697 0.089541644 -0.243975595 5.130298615
-0.247403845 0.015215980 0.968792975 142.818557739 0.089259855 0.995982707 0.007151557 -0.666509748 -0.964792132 0.088243634 -0.247768134 4.619758606
-0.251770824 0.016000502 0.967654645 144.841217041 0.088546053 0.996050417 0.006568464 -0.669762492 -0.963727653 0.087335743 -0.252193213 4.097053528
-0.256044507 0.015390276 0.966542602 146.880920410 0.086777642 0.996202230 0.007125516 -0.672004104 -0.962762117 0.085698724 -0.256407678 3.566577911
-0.260465354 0.015786372 0.965354145 148.912628174 0.087281741 0.996157229 0.007259673 -0.673199177 -0.961529791 0.086148672 -0.260842264 3.020053864
-0.265093684 0.016116329 0.964087903 150.962677002 0.086728767 0.996205986 0.007194431 -0.677296042 -0.960314274 0.085521340 -0.265485615 2.467590332
-0.270217150 0.016455203 0.962658763 153.021011353 0.086155958 0.996255994 0.007154377 -0.672895193 -0.958936751 0.084872015 -0.270623207 1.910312653
-0.274754465 0.015726293 0.961385787 155.068725586 0.086140566 0.996248245 0.008321545 -0.680277586 -0.957648039 0.085100703 -0.275078326 1.336288452
-0.279419869 0.015663449 0.960041165 157.129867554 0.086750776 0.996189415 0.008995579 -0.679811716 -0.956241965 0.085797891 -0.279713869 0.755569458
-0.283961058 0.016390665 0.958695710 159.209579468 0.087305352 0.996142387 0.008828546 -0.677088499 -0.954852819 0.086206257 -0.284296662 0.157001495
-0.287451595 0.017724734 0.957631052 161.276855469 0.087789148 0.996107638 0.007914736 -0.671482086 -0.953763425 0.086344741 -0.287888795 -0.458278656
-0.291263193 0.019183317 0.956450582 163.343704224 0.087561272 0.996136725 0.006685305 -0.674572468 -0.952627301 0.085695200 -0.291817665 -1.076515198
-0.295000166 0.020619396 0.955274701 165.435180664 0.088556178 0.996053934 0.005847600 -0.675002277 -0.951384544 0.086320519 -0.295662105 -1.709636688
-0.298534214 0.021247895 0.954162300 167.523452759 0.087883607 0.996116579 0.005314478 -0.677898824 -0.950344026 0.085441791 -0.299242198 -2.352050781
-0.302386880 0.021237591 0.952948630 169.631759644 0.088232994 0.996082902 0.005798948 -0.684448421 -0.949092686 0.085835040 -0.303076327 -3.006603241
-0.306715161 0.021647852 0.951555133 171.728851318 0.088222735 0.996084034 0.005775981 -0.684016585 -0.947703838 0.085720375 -0.307423830 -3.664260864
-0.310990334 0.022490412 0.950146914 173.829635620 0.090142854 0.995911121 0.005930772 -0.687958539 -0.946128547 0.087493360 -0.311746180 -4.346809387
-0.314128369 0.022812821 0.949106395 175.924118042 0.092309199 0.995708406 0.006618883 -0.691331744 -0.944882214 0.089690425 -0.314886093 -5.041473389
-0.316754252 0.022297984 0.948245645 177.986129761 0.092974424 0.995639145 0.007644963 -0.694898844 -0.943939805 0.090584166 -0.317446142 -5.720024109
-0.319540501 0.022171900 0.947313190 180.077270508 0.092873275 0.995645583 0.008024182 -0.687642217 -0.943010271 0.090544112 -0.320208281 -6.427650452
-0.322570413 0.022583736 0.946276009 182.176895142 0.092046171 0.995725632 0.007613188 -0.691917539 -0.942059338 0.089556873 -0.323270440 -7.139450073
-0.325269759 0.024676193 0.945299149 184.279647827 0.091440827 0.995795488 0.005469702 -0.692052841 -0.941189766 0.088218085 -0.326158613 -7.861118317
-0.328752369 0.026775971 0.944036424 186.405654907 0.091201097 0.995826304 0.003515072 -0.694704235 -0.940002263 0.087252758 -0.329822212 -8.590740204
-0.331855029 0.027858218 0.942918956 188.522369385 0.090546727 0.995889127 0.002444205 -0.705520749 -0.938974738 0.086189359 -0.333013326 -9.333557129
-0.335115433 0.028967027 0.941731632 190.686492920 0.088983439 0.996032715 0.001027499 -0.709360123 -0.937965572 0.084142849 -0.336363584 -10.091590881
-0.337737679 0.029400678 0.940780997 192.793914795 0.089762695 0.995962501 0.001099371 -0.721741259 -0.936950326 0.084818326 -0.339013189 -10.873012543
-0.341765821 0.028244749 0.939360619 194.975036621 0.089060575 0.996023118 0.002454255 -0.735079765 -0.935555637 0.084498771 -0.342922181 -11.644763947
-0.345086664 0.027468696 0.938168764 197.134185791 0.089076534 0.996018291 0.003602545 -0.748334765 -0.934334278 0.084812015 -0.346159428 -12.439086914
-0.348625779 0.027539084 0.936857343 199.289001465 0.089020006 0.996022403 0.003848105 -0.753740609 -0.933024943 0.084740594 -0.349690616 -13.239471436
-0.352300137 0.027562434 0.935481131 201.456848145 0.088238865 0.996091723 0.003882332 -0.766487479 -0.931718051 0.083913527 -0.353355348 -14.041213989
-0.355399728 0.028042741 0.934293628 203.615386963 0.087384120 0.996169090 0.003340473 -0.780250251 -0.930620790 0.082829632 -0.356488794 -14.869743347
-0.358554870 0.028769035 0.933065176 205.796539307 0.087308392 0.996177316 0.002835582 -0.791131437 -0.929416835 0.082481124 -0.359695882 -15.697547913
-0.360729933 0.029597392 0.932200551 207.902328491 0.088926196 0.996034324 0.002787307 -0.810136437 -0.928421259 0.083902515 -0.361931443 -16.523811340
-0.363101512 0.029281616 0.931289375 210.047698975 0.089844190 0.995948911 0.003714815 -0.825154901 -0.927407861 0.085019812 -0.364261329 -17.357429504
-0.365697414 0.028565947 0.930295348 212.231201172 0.091124170 0.995825589 0.005242608 -0.837158203 -0.926262259 0.086689621 -0.366773933 -18.221111298
-0.368624657 0.029747019 0.929102242 214.417694092 0.092477828 0.995703101 0.004811532 -0.845129013 -0.924966872 0.087695025 -0.369791657 -19.084583282
-0.371750027 0.030458307 0.927833080 216.615142822 0.092359960 0.995716333 0.004318640 -0.857964754 -0.923726976 0.087300085 -0.372970700 -19.953975677
-0.374686748 0.030624198 0.926645577 218.800323486 0.091674641 0.995780349 0.004159409 -0.869800568 -0.922607958 0.086508386 -0.375913113 -20.827613831
-0.377212524 0.032280128 0.925563991 220.973297119 0.091757812 0.995777786 0.002666872 -0.883679271 -0.921569884 0.085933693 -0.378581852 -21.712608337
-0.379727304 0.033404443 0.924495161 223.152023315 0.091726057 0.995782852 0.001695312 -0.898307920 -0.920539796 0.085444033 -0.381190062 -22.608863831
-0.382268637 0.033603624 0.923440039 225.332473755 0.089575179 0.995979726 0.000837364 -0.913393974 -0.919699371 0.083037406 -0.383741856 -23.498924255
-0.385481149 0.034324564 0.922077060 227.510482788 0.090473004 0.995898604 0.000750318 -0.935866416 -0.918269515 0.083712332 -0.387005597 -24.400733948
-0.388406336 0.034026399 0.920859754 229.674087524 0.091668636 0.995787799 0.001869562 -0.955222070 -0.916917324 0.085140109 -0.389889449 -25.305454254
-0.391501844 0.033081084 0.919582486 231.848052979 0.092161626 0.995738208 0.003416063 -0.974707961 -0.915550411 0.086087607 -0.392882228 -26.219036102
-0.394894660 0.032491654 0.918151677 233.973388672 0.090905391 0.995852053 0.003856841 -0.991028368 -0.914217949 0.084987983 -0.396210343 -27.120182037
-0.398005575 0.032753203 0.916798115 236.110336304 0.089480706 0.995983124 0.003263732 -1.007423878 -0.913008630 0.083334729 -0.399337649 -28.043998718
-0.401756942 0.031786263 0.915194511 238.305633545 0.087675482 0.996141493 0.003890575 -1.022075415 -0.911539555 0.081803203 -0.402993709 -28.991092682
-0.405721605 0.031099711 0.913467467 240.477905273 0.086788535 0.996215999 0.004630647 -1.039273143 -0.909867048 0.081157252 -0.406885386 -29.933837891
-0.409651220 0.031417035 0.911701083 242.639953613 0.086474791 0.996243894 0.004525038 -1.053068519 -0.908134341 0.080692858 -0.410829246 -30.895660400
-0.413423896 0.031074094 0.910008252 244.791687012 0.085908808 0.996290326 0.005008676 -1.068636060 -0.906476796 0.080248430 -0.414559841 -31.863922119
-0.417698264 0.030387664 0.908077419 246.963180542 0.084463544 0.996411264 0.005507983 -1.083872676 -0.904651344 0.079000123 -0.418765903 -32.836906433
-0.421765476 0.030516582 0.906191289 249.089584351 0.083884396 0.996460319 0.005485571 -1.092428088 -0.902816236 0.078328952 -0.422832429 -33.811264038
-0.425601423 0.031303514 0.904369116 251.247360229 0.084089354 0.996445179 0.005082335 -1.109015822 -0.900995135 0.078210846 -0.426720858 -34.810112000
-0.429285437 0.031290054 0.902626634 253.345870972 0.084069416 0.996445060 0.005440750 -1.131782532 -0.899247646 0.078218944 -0.430390030 -35.791122437
-0.433409750 0.031396057 0.900649905 255.492111206 0.083915636 0.996456861 0.005645956 -1.140958428 -0.897281528 0.078025647 -0.434508741 -36.801681519
-0.437242866 0.031695511 0.898784816 257.617218018 0.082731925 0.996558785 0.005104121 -1.152823567 -0.895530105 0.076589935 -0.438360363 -37.817260742
-0.440925121 0.032062687 0.896970987 259.737945557 0.083053224 0.996531546 0.005205054 -1.164081812 -0.893692911 0.076791383 -0.442058712 -38.858253479
-0.444355279 0.032868002 0.895247459 261.870941162 0.083618529 0.996485710 0.004919133 -1.160439372 -0.891939461 0.077045105 -0.445542127 -39.916465759
-0.447926968 0.033918094 0.893426478 263.996215820 0.084971003 0.996371984 0.004774612 -1.168503404 -0.890023232 0.078054026 -0.449183911 -40.969253540
-0.451400012 0.036107413 0.891590893 266.125122070 0.087144174 0.996188700 0.003776500 -1.177066088 -0.888056278 0.079401650 -0.452826083 -42.042854309
-0.454420894 0.036882751 0.890023172 268.259185791 0.088640310 0.996055722 0.003980503 -1.190548658 -0.886365831 0.080700763 -0.455897868 -43.128669739
-0.457056522 0.039274208 0.888570130 270.381347656 0.090528332 0.995890558 0.002547632 -1.191882372 -0.884818614 0.081605174 -0.458733797 -44.227615356
-0.459511220 0.041679420 0.887193501 272.490234375 0.092535809 0.995708704 0.001150472 -1.212941051 -0.883338213 0.082625829 -0.461396128 -45.303230286
-0.462476134 0.042545997 0.885610342 274.636077881 0.093355387 0.995632350 0.000919677 -1.222136855 -0.881703258 0.083101831 -0.464428127 -46.400009155
-0.465930223 0.043214202 0.883765519 276.787445068 0.093509272 0.995618224 0.000615489 -1.243144870 -0.879866481 0.082927048 -0.467929631 -47.494766235
-0.469454020 0.043373134 0.881891012 278.952972412 0.092642330 0.995699406 0.000345532 -1.247638941 -0.878083348 0.081862666 -0.471453190 -48.634239197
-0.472639531 0.044923663 0.880110085 281.117523193 0.093881525 0.995583296 -0.000401234 -1.259897828 -0.876240909 0.082436435 -0.474769533 -49.786628723
-0.475651354 0.045212235 0.878471136 283.274749756 0.093260907 0.995641410 -0.000746186 -1.272899270 -0.874676049 0.081572101 -0.477794617 -50.953330994
-0.478244334 0.044908404 0.877077878 285.421966553 0.091442518 0.995809853 -0.001126884 -1.285293818 -0.873453259 0.079663292 -0.480346918 -52.118225098
-0.480406672 0.045786962 0.875849843 287.568725586 0.093445398 0.995624006 -0.000793296 -1.297626257 -0.872053444 0.081463031 -0.482583076 -53.299087524
-0.482484132 0.045673318 0.874713123 289.756774902 0.095117569 0.995465934 0.000487572 -1.319065213 -0.870724738 0.083435819 -0.484640807 -54.489906311
-0.484918952 0.045787532 0.873359561 291.951141357 0.095944479 0.995386124 0.001086626 -1.330275178 -0.869280219 0.084320955 -0.487074643 -55.695243835
-0.486415058 0.045219559 0.872556865 294.112152100 0.095678829 0.995410740 0.001750692 -1.341064572 -0.868473351 0.084336773 -0.488509268 -56.898933411
-0.489066273 0.044777926 0.871096551 296.330841064 0.095372409 0.995438755 0.002376007 -1.342104077 -0.867016912 0.084240593 -0.491106063 -58.119857788
-0.491441548 0.045484599 0.869722009 298.557250977 0.097051375 0.995275378 0.002788666 -1.339716434 -0.865486145 0.085778199 -0.493533999 -59.377014160
-0.493986428 0.045434389 0.868281722 300.767578125 0.097266361 0.995252967 0.003258806 -1.341889620 -0.864011943 0.086064413 -0.496060729 -60.624275208
-0.496184945 0.045790277 0.867008507 302.986175537 0.096624240 0.995317161 0.002730825 -1.357627153 -0.862823427 0.085129030 -0.498285919 -61.878982544
-0.499268234 0.048502039 0.865088820 305.195159912 0.096545711 0.995328546 -0.000084657 -1.368141890 -0.861051798 0.083478346 -0.501618743 -63.122276306
-0.502794981 0.047382720 0.863106072 307.411895752 0.094488025 0.995525837 0.000390870 -1.383446097 -0.859225929 0.081749693 -0.505022526 -64.404479980
-0.507581353 0.045340650 0.860410035 309.611480713 0.091942057 0.995762706 0.001766078 -1.394168139 -0.856684208 0.080004297 -0.509599328 -65.668334961
-0.511996150 0.042702172 0.857925713 311.831420898 0.089192718 0.996007681 0.003653736 -1.401632786 -0.854344547 0.078391425 -0.513760805 -66.971244812
-0.516693234 0.041291211 0.855174184 314.037170410 0.088186942 0.996090353 0.005187029 -1.407171369 -0.851616800 0.078095317 -0.518314481 -68.285606384
-0.521396279 0.041431125 0.852308273 316.280731201 0.088700816 0.996041179 0.005844318 -1.410850763 -0.848692000 0.078647643 -0.523007154 -69.631172180
-0.525354087 0.043664500 0.849762619 318.517456055 0.091916420 0.995750666 0.005660055 -1.410388947 -0.845904529 0.081080683 -0.527135193 -71.011039734
-0.528970718 0.044435740 0.847475946 320.773132324 0.092713773 0.995676696 0.005662980 -1.409165859 -0.843560398 0.081568249 -0.530803621 -72.425483704
-0.533171475 0.044942427 0.844812632 323.013061523 0.093865633 0.995564997 0.006277576 -1.412558436 -0.840783834 0.082645901 -0.535025418 -73.821006775
-0.537187159 0.043395080 0.842346013 325.213043213 0.093958959 0.995538652 0.008633124 -1.418706179 -0.838213384 0.083783574 -0.538867950 -75.224723816
-0.540957630 0.041549776 0.840022922 327.424530029 0.091975033 0.995711327 0.009979517 -1.411341906 -0.836005628 0.082659625 -0.542459190 -76.644981384
-0.545028210 0.041579671 0.837386012 329.632751465 0.091397583 0.995763838 0.010044028 -1.411370516 -0.833421111 0.082009338 -0.546519637 -78.060104370
-0.548708379 0.041551258 0.834980547 331.824645996 0.091810971 0.995718062 0.010783632 -1.412676096 -0.830957055 0.082577437 -0.550173759 -79.502357483
-0.552214980 0.041928418 0.832646608 334.013092041 0.093011558 0.995597959 0.011551774 -1.408082724 -0.828496993 0.083824821 -0.553684175 -80.941970825
-0.556443512 0.041403260 0.829853296 336.247039795 0.093396775 0.995544612 0.012955566 -1.398227215 -0.825619757 0.084714629 -0.557831228 -82.416183472
-0.559900165 0.040432252 0.827572882 338.470214844 0.092008226 0.995665312 0.013604153 -1.388579369 -0.823435724 0.083760485 -0.561193347 -83.903854370
-0.563474596 0.039687753 0.825179577 340.685150146 0.091764428 0.995671093 0.014773721 -1.376422405 -0.821021140 0.084046736 -0.564677298 -85.391159058
-0.565991104 0.039123673 0.823482513 342.872894287 0.092736289 0.995555103 0.016440131 -1.373012066 -0.819178879 0.085671686 -0.567103446 -86.876205444
-0.568788707 0.038353894 0.821588933 345.082366943 0.090163670 0.995799601 0.015934132 -1.356962204 -0.817526698 0.083140649 -0.569857597 -88.393943787
-0.572346449 0.037139624 0.819170415 347.236419678 0.085891485 0.996193826 0.014846010 -1.347244740 -0.815501153 0.078856803 -0.573357999 -89.856651306
-0.575881064 0.036139544 0.816734314 349.391387939 0.082305320 0.996509612 0.013939246 -1.336493015 -0.813379884 0.075248919 -0.576845527 -91.318664551
-0.578524709 0.033293922 0.814985216 351.523284912 0.080423459 0.996626258 0.016374988 -1.338246346 -0.811690331 0.075017251 -0.579250634 -92.799430847
-0.582713425 0.032576200 0.812024534 353.671722412 0.080875486 0.996560633 0.018057454 -1.331483364 -0.808643341 0.076195188 -0.583343923 -94.276390076
-0.585302949 0.033447485 0.810124516 355.952423096 0.080701120 0.996590555 0.017159274 -1.290654659 -0.806788564 0.075421318 -0.586006641 -95.942070007
-0.588845313 0.032064617 0.807609499 358.156463623 0.078471519 0.996760190 0.017640753 -1.274181843 -0.804427385 0.073762015 -0.589453757 -97.514976501
-0.592513919 0.028108776 0.805069625 360.351135254 0.075971052 0.996886551 0.021107061 -1.256106377 -0.801969767 0.073668212 -0.592804670 -99.096710205
-0.596038520 0.025881663 0.802538633 362.531982422 0.073657542 0.997028589 0.022550901 -1.224597454 -0.799570322 0.072554223 -0.596173823 -100.677780151
-0.599261582 0.025129918 0.800158799 364.730865479 0.072346717 0.997117341 0.022866873 -1.187570572 -0.797277570 0.071592107 -0.599352181 -102.292449951
-0.602415264 0.025251482 0.797783434 366.900207520 0.071791708 0.997162402 0.022648487 -1.153604507 -0.794947684 0.070918016 -0.602518618 -103.888893127
-0.605339170 0.024744872 0.795583010 369.053283691 0.071750224 0.997143865 0.023578951 -1.125850677 -0.792727351 0.071356520 -0.605385602 -105.499069214
-0.607967019 0.023955867 0.793600798 371.160003662 0.071387604 0.997145534 0.024588976 -1.092702866 -0.790746450 0.071602546 -0.607941747 -107.121032715
-0.611006320 0.022680342 0.791300714 373.318267822 0.068206586 0.997380614 0.024078982 -1.057281494 -0.788681865 0.068684332 -0.610952854 -108.761932373
-0.614450157 0.018967723 0.788727641 375.469604492 0.058163010 0.998079658 0.021308970 -1.030279160 -0.786808789 0.058968078 -0.614373386 -110.393386841
-0.618134201 0.021556675 0.785776913 377.620727539 0.050713830 0.998634994 0.012498073 -1.016405582 -0.784434974 0.047575239 -0.618383706 -112.036064148
-0.620683312 0.031930067 0.783410966 379.747009277 0.060931165 0.998113096 0.007593899 -1.011566639 -0.781690240 0.052447535 -0.621457636 -113.707496643
-0.620747387 0.033006683 0.783315659 381.868652344 0.068490118 0.997576714 0.012240729 -1.013859272 -0.781013310 0.061247777 -0.621503651 -115.399093628
-0.622592986 0.023891859 0.782181025 383.992095947 0.067579284 0.997441232 0.023324100 -0.989328384 -0.779622316 0.067380652 -0.622614503 -117.077827454
-0.625827849 0.013031106 0.779852331 386.125030518 0.061131448 0.997604132 0.032388024 -0.941100121 -0.777561843 0.067942828 -0.625125051 -118.745414734
-0.629093707 0.007113622 0.777296901 388.226196289 0.055278596 0.997835934 0.035606984 -0.879350662 -0.775361359 0.065368019 -0.628125548 -120.401908875
-0.632317007 0.006347359 0.774683774 390.339263916 0.053943206 0.997900128 0.035853550 -0.818800926 -0.772829413 0.064459741 -0.631331444 -122.081657410
-0.635029554 0.011607791 0.772400439 392.434692383 0.059250902 0.997673452 0.033719931 -0.764889717 -0.770212173 0.067178600 -0.634239972 -123.773384094
-0.637028217 0.017920937 0.770632029 394.483886719 0.063684307 0.997535527 0.029445857 -0.713016510 -0.768205285 0.067835003 -0.636599720 -125.450492859
-0.639804065 0.021042455 0.768249929 396.565002441 0.064461261 0.997572005 0.026360180 -0.667307854 -0.765829861 0.066387698 -0.639607131 -127.160522461
-0.642492771 0.020951794 0.766005337 398.621612549 0.064754210 0.997535110 0.027028481 -0.626478195 -0.763550878 0.066967674 -0.642265618 -128.870285034
-0.644995213 0.020395812 0.763914347 400.657379150 0.065628745 0.997428954 0.028781831 -0.579625130 -0.761363268 0.068698883 -0.644675434 -130.576187134
-0.647150099 0.020130470 0.762096763 402.696258545 0.066360094 0.997344553 0.030006604 -0.525466919 -0.759468913 0.069991581 -0.646767497 -132.302246094
-0.649313986 0.019973738 0.760258079 404.769866943 0.066379972 0.997328401 0.030491047 -0.475903511 -0.757618010 0.070264176 -0.648905158 -134.034515381
-0.650657475 0.020068685 0.759106100 406.828796387 0.066603161 0.997306406 0.030721946 -0.424795151 -0.756444812 0.070548326 -0.650241554 -135.783142090
-0.651701868 0.020841014 0.758188844 408.872253418 0.067799740 0.997221410 0.030865815 -0.374637604 -0.755438864 0.071520314 -0.651304066 -137.542297363
-0.652769029 0.020167757 0.757288516 410.910186768 0.068544865 0.997117639 0.032529678 -0.315911293 -0.754449606 0.073142610 -0.652269900 -139.285751343
-0.653738499 0.019722074 0.756463349 412.960449219 0.070934035 0.996855736 0.035312019 -0.261618614 -0.753388464 0.076743826 -0.653081954 -141.046615601
-0.654891133 0.019284438 0.755477071 415.000854492 0.072513215 0.996665299 0.037417606 -0.199471474 -0.752236247 0.079286531 -0.654105783 -142.800918579
-0.655827582 0.019664824 0.754654527 417.040832520 0.070936896 0.996842682 0.035671458 -0.122754097 -0.751570463 0.076927178 -0.655151963 -144.552917480
-0.657174349 0.019641960 0.753482640 419.057983398 0.066864192 0.997238457 0.032321528 -0.061621666 -0.750766993 0.071621887 -0.656672835 -146.287124634
-0.658471048 0.018918665 0.752368331 421.067443848 0.063896284 0.997479916 0.030839754 -0.006980896 -0.749888718 0.068380602 -0.658020377 -148.028320312
-0.659506083 0.018410526 0.751473665 423.079223633 0.063597582 0.997482300 0.031376772 0.045308113 -0.749004006 0.068485074 -0.659016430 -149.769088745
-0.660747170 0.017020356 0.750415444 425.041412354 0.061386254 0.997619212 0.031423859 0.090415955 -0.748094201 0.066828415 -0.660218894 -151.484832764
-0.661932349 0.015951172 0.749393940 427.061096191 0.058386475 0.997833073 0.030332888 0.142004967 -0.747286141 0.063832782 -0.661429226 -153.236999512
-0.662407696 0.015168099 0.748989999 429.067687988 0.057178840 0.997902274 0.030360108 0.194256783 -0.746958256 0.062937148 -0.661885262 -154.997512817
-0.663592875 0.013722918 0.747968018 431.064727783 0.057674862 0.997794390 0.032862328 0.246735573 -0.745867372 0.064946160 -0.662920713 -156.732635498
-0.663274765 0.012784856 0.748266757 433.062103271 0.060236111 0.997522056 0.036350563 0.309288979 -0.745947838 0.069183089 -0.662401319 -158.491851807
-0.662462592 0.011487287 0.749006867 435.069824219 0.064848542 0.997008145 0.042064764 0.379037857 -0.746282756 0.076438330 -0.661225498 -160.256683350
-0.661241055 0.010642332 0.750097990 437.078582764 0.068209015 0.996610463 0.045989107 0.463113785 -0.747066140 0.081573322 -0.659725726 -162.003082275
-0.659907877 0.008014390 0.751303911 439.069122314 0.062242456 0.997089207 0.044034429 0.551254272 -0.748763978 0.075821653 -0.658485889 -163.722686768
-0.659912705 0.007243705 0.751307368 441.088775635 0.054924078 0.997743249 0.038622994 0.628896713 -0.749332070 0.066752672 -0.658821285 -165.441955566
-0.658198476 0.005249021 0.752826154 443.093322754 0.050835572 0.998003185 0.037487216 0.688817978 -0.751126170 0.062944382 -0.657150984 -167.177886963
-0.655247331 0.004926757 0.755398273 445.110076904 0.048424724 0.998195887 0.035494249 0.759900093 -0.753860712 0.059837468 -0.654303730 -168.920471191
-0.652423382 0.005678704 0.757833421 447.127441406 0.050590966 0.998067677 0.036075205 0.823448181 -0.756164193 0.061875831 -0.651449978 -170.651123047
-0.649333954 0.005573932 0.760482967 449.135528564 0.051176433 0.998026729 0.036381692 0.891593933 -0.758779526 0.062542669 -0.648337901 -172.359252930
-0.646718442 0.006687240 0.762699485 451.143066406 0.049373806 0.998231232 0.033113360 0.949418068 -0.761129081 0.059072401 -0.645904779 -174.046844482
-0.645168066 0.001756784 0.764038682 453.179077148 0.042287163 0.998546660 0.033412047 1.011679649 -0.762869596 0.053865414 -0.644304693 -175.742279053
-0.644814432 -0.004480285 0.764326036 455.216400146 0.033689372 0.998844326 0.034276601 1.062629700 -0.763596356 0.047851708 -0.643918335 -177.406753540
-0.644112706 -0.007954488 0.764889181 457.259338379 0.026301295 0.999124348 0.032538723 1.119961739 -0.764478326 0.041076183 -0.643339396 -179.086822510
-0.643493176 -0.008367541 0.765406132 459.299499512 0.024928043 0.999180794 0.031880729 1.171026230 -0.765045822 0.039595116 -0.642757416 -180.775909424
-0.642316401 -0.008204347 0.766395688 461.337646484 0.027209323 0.999068439 0.033499271 1.225341797 -0.765956461 0.042370245 -0.641494691 -182.465270996
-0.641315937 -0.009396439 0.767219543 463.382446289 0.028573334 0.998938859 0.036118746 1.281524658 -0.766744733 0.045085546 -0.640367031 -184.126327515
-0.640144289 -0.011002810 0.768175900 465.397888184 0.027763033 0.998912990 0.037443511 1.352169037 -0.767752886 0.045296151 -0.639142990 -185.787506104
-0.639712930 -0.011472930 0.768528283 467.460388184 0.025261544 0.999034584 0.035941415 1.421467781 -0.768198669 0.042406399 -0.638805509 -187.456329346
-0.638809621 -0.010582579 0.769292057 469.507873535 0.024178961 0.999135315 0.033822231 1.484499931 -0.768984795 0.040206656 -0.638001382 -189.122314453
-0.637137473 -0.009126848 0.770696104 471.550720215 0.024983672 0.999159873 0.032486502 1.537595749 -0.770345032 0.039953191 -0.636374235 -190.811126709
-0.636031270 -0.008781470 0.771613359 473.584381104 0.026984416 0.999070585 0.033613004 1.590970993 -0.771191359 0.042200457 -0.635203123 -192.464431763
