1.000000000 -0.000000000 0.000000000 0.000000000 -0.000000000 1.000000000 0.000000000 0.000000000 0.000000000 0.000000000 1.000000000 0.000000000
0.999979019 0.000417827 -0.006467165 -0.008293184 -0.000415161 0.999999821 0.000413590 -0.002133562 0.006467336 -0.000410896 0.999979019 0.091746323
0.999907136 0.000955255 -0.013594155 -0.016345706 -0.000953383 0.999999523 0.000144206 -0.001692540 0.013594287 -0.000131232 0.999907613 0.188629746
0.999772429 0.001383073 -0.021286830 -0.026057843 -0.001395397 0.999998868 -0.000564075 -0.002094116 0.021286028 0.000593650 0.999773264 0.285357475
0.999541819 0.001712490 -0.030219764 -0.042964555 -0.001772693 0.999996483 -0.001965492 -0.002115960 0.030216292 0.002018162 0.999541342 0.390600085
0.999125719 0.001923462 -0.041762393 -0.059104089 -0.002068051 0.999992013 -0.003419272 -0.005000334 0.041755483 0.003502650 0.999121726 0.501133680
0.998479128 0.001728260 -0.055103868 -0.084278494 -0.001953668 0.999989927 -0.004036988 -0.008025405 0.055096336 0.004138503 0.998472452 0.626007676
0.997427523 0.001861182 -0.071657613 -0.108660094 -0.002184380 0.999987781 -0.004432213 -0.003994142 0.071648486 0.004577339 0.997419417 0.761228323
0.995906174 0.000235388 -0.090392604 -0.134868801 -0.000615714 0.999991059 -0.004179636 -0.009118855 0.090390809 0.004218182 0.995897412 0.916897476
0.993912935 -0.000751862 -0.110166088 -0.176053137 0.000272316 0.999990404 -0.004367920 -0.012639139 0.110168323 0.004311332 0.993903577 1.075412631
0.991264224 -0.000855448 -0.131888032 -0.221090049 0.000236315 0.999988854 -0.004709969 -0.013205838 0.131890595 0.004637657 0.991253436 1.226604581
0.987762868 0.002711202 -0.155939743 -0.276599288 -0.003696975 0.999974966 -0.006031818 -0.018293947 0.155919492 0.006534511 0.987748206 1.392999530
0.983386040 0.007118939 -0.181386933 -0.343100548 -0.008609118 0.999935329 -0.007429469 -0.024929099 0.181322306 0.008867618 0.983383834 1.567788720
0.978014290 0.010044185 -0.208296135 -0.416466862 -0.012082436 0.999890745 -0.008515315 -0.027719870 0.208187848 0.010844823 0.978028834 1.748660803
0.971322417 0.010655539 -0.237527400 -0.494181275 -0.013130175 0.999874711 -0.008838678 -0.028800823 0.237403512 0.011703983 0.971340716 1.934237480
0.963272750 0.012552858 -0.268231302 -0.584684372 -0.015338199 0.999848008 -0.008291053 -0.032653835 0.268086463 0.012100730 0.963318944 2.132686377
0.953840554 0.014589260 -0.299958974 -0.676815152 -0.017537527 0.999820828 -0.007138850 -0.036674827 0.299801052 0.012069865 0.953925371 2.314089060
0.942585468 0.016436145 -0.333560228 -0.777936339 -0.019592822 0.999789417 -0.006101521 -0.036453102 0.333389640 0.012286593 0.942708969 2.504338503
0.930054486 0.018508162 -0.366955221 -0.879607797 -0.022023538 0.999742866 -0.005394892 -0.041646443 0.366761059 0.013099196 0.930222988 2.680600882
0.916194081 0.021362200 -0.400165081 -0.999978364 -0.025418160 0.999665141 -0.004830302 -0.041422091 0.399927944 0.014596956 0.916430295 2.861957073
0.900122523 0.022091661 -0.435076356 -1.113111496 -0.026517075 0.999639869 -0.004102512 -0.043512177 0.434829056 0.015229715 0.900384247 3.031586885
0.881732106 0.017915050 -0.471410275 -1.239383101 -0.022742558 0.999731004 -0.004545113 -0.045883656 0.471202075 0.014728649 0.881902337 3.211764336
0.860594809 0.013747593 -0.509104609 -1.378031731 -0.018713308 0.999814153 -0.004634686 -0.052023217 0.508946359 0.013515623 0.860691965 3.389102459
0.835548639 0.015339859 -0.549202204 -1.538812637 -0.019359786 0.999811471 -0.001527814 -0.054575212 0.549075186 0.011909002 0.835688174 3.569246531
0.806356728 0.020915790 -0.591059506 -1.716166496 -0.023921954 0.999710083 0.002741005 -0.062029552 0.590945482 0.011929072 0.806623340 3.734566927
0.773916721 0.024108805 -0.632828414 -1.919312358 -0.027391726 0.999614298 0.004583545 -0.064391486 0.632694840 0.013786981 0.774278462 3.907618999
0.737962008 0.022956319 -0.674451709 -2.128876686 -0.026210831 0.999642134 0.005345830 -0.066291928 0.674332976 0.013732919 0.738299727 4.074456215
0.697849035 0.018756183 -0.715999126 -2.345293045 -0.020206729 0.999774694 0.006495413 -0.065999761 0.715959668 0.009935183 0.698070884 4.243856907
0.654935360 0.014929235 -0.755537510 -2.584585905 -0.014767827 0.999866724 0.006955679 -0.063106105 0.755540609 0.006602123 0.655068636 4.408167839
0.611207902 0.014619185 -0.791335106 -2.847559214 -0.012199166 0.999884665 0.009049607 -0.063454449 0.791376114 0.004122439 0.611315727 4.541667938
0.563064575 0.015125873 -0.826274455 -3.124745846 -0.009737919 0.999884546 0.011668095 -0.059832532 0.826355577 0.001476304 0.563146830 4.678348541
0.511614621 0.015614227 -0.859073222 -3.421057701 -0.007858849 0.999878109 0.013493175 -0.054375291 0.859179139 -0.000151977 0.511675000 4.808701515
0.459559053 0.016845560 -0.887987375 -3.728435516 -0.007588950 0.999858022 0.015040301 -0.044220746 0.888114750 -0.000173014 0.459621727 4.904976845
0.404740930 0.019066041 -0.914232612 -4.059733391 -0.006243557 0.999816835 0.018086784 -0.041667946 0.914410114 -0.001612398 0.404785872 5.002968788
0.349175662 0.020985553 -0.936822355 -4.416810513 -0.005940005 0.999778628 0.020181846 -0.034716763 0.937038541 -0.001482280 0.349223018 5.090441227
0.293985754 0.024277344 -0.955501437 -4.785392761 -0.003173991 0.999696553 0.024423692 -0.032957315 0.955804467 -0.004147465 0.293973655 5.161661148
0.240361005 0.025767177 -0.970341504 -5.126080513 0.001833453 0.999633729 0.026999185 -0.031977534 0.970681846 -0.008268625 0.240225762 5.215031624
0.189483210 0.026196485 -0.981534421 -5.513214588 0.003815876 0.999616861 0.027415738 -0.026609391 0.981876612 -0.008940236 0.189310655 5.249134064
0.141830862 0.027334187 -0.989513397 -5.926019192 0.001376480 0.999612272 0.027810447 -0.020472571 0.989889979 -0.005306426 0.141738236 5.270132542
0.099551857 0.027684446 -0.994647145 -6.351554394 -0.000597716 0.999614358 0.027762877 -0.009612396 0.995032251 -0.002169329 0.099530026 5.269309521
0.061634481 0.026224490 -0.997754157 -6.796777725 -0.001384715 0.999656081 0.026188934 -0.002377361 0.998097837 -0.000232536 0.061649561 5.260738850
0.027159048 0.023367358 -0.999357998 -7.266625404 0.000069700 0.999726713 0.023377873 0.004517660 0.999631166 -0.000704576 0.027149996 5.259915352
-0.003966898 0.020726796 -0.999777317 -7.740475178 0.000537617 0.999785066 0.020724824 0.008619443 0.999992013 -0.000455283 -0.003977191 5.229322433
-0.030817090 0.018798532 -0.999348283 -8.233629227 -0.000098533 0.999823034 0.018810501 0.016416028 0.999525070 0.000678154 -0.030809786 5.192339420
-0.051243849 0.016426075 -0.998551071 -8.742137909 -0.001025384 0.999863386 0.016500283 0.026944518 0.998685718 0.001869436 -0.051220007 5.143781662
-0.067807481 0.015429739 -0.997579098 -9.257318497 0.000227784 0.999880493 0.015449856 0.039947405 0.997698367 0.000820383 -0.067802884 5.104210854
-0.080783650 0.015668923 -0.996608496 -9.794647217 0.000252437 0.999876738 0.015699847 0.048287451 0.996731639 0.001016710 -0.080777630 5.048841000
-0.090480775 0.017229734 -0.995749176 -10.352210045 0.000705135 0.999851227 0.017236641 0.051056482 0.995897889 0.000857447 -0.090479448 4.990340233
-0.097406864 0.018470576 -0.995073199 -10.923361778 -0.001266161 0.999824643 0.018682716 0.048919603 0.995243847 0.003079748 -0.097366393 4.928115845
-0.101811625 0.019452237 -0.994613528 -11.514033318 -0.001169818 0.999805748 0.019673534 0.055409998 0.994803131 0.003166510 -0.101769090 4.859996319
-0.103178866 0.020121379 -0.994459271 -12.122604370 0.000834805 0.999796808 0.020142760 0.066932455 0.994662523 0.001248128 -0.103174686 4.793863297
-0.102333032 0.022368876 -0.994498730 -12.738576889 0.002820408 0.999749660 0.022196762 0.070122316 0.994746208 -0.000533429 -0.102370515 4.735282421
-0.100798748 0.024680862 -0.994600713 -13.396512032 0.002072876 0.999695301 0.024597209 0.081698388 0.994904697 0.000417685 -0.100819193 4.665347099
-0.099280939 0.024735931 -0.994752049 -14.050794601 -0.000209261 0.999690413 0.024879621 0.087746069 0.995059431 0.002678236 -0.099245019 4.596306801
-0.097404391 0.022278138 -0.994995594 -14.715588570 -0.001537414 0.999744892 0.022534985 0.098722234 0.995243609 0.003724726 -0.097345285 4.525100231
-0.096116774 0.021909188 -0.995128989 -15.394236565 -0.002387247 0.999749780 0.022241503 0.110367090 0.995367229 0.004513400 -0.096040420 4.455301285
-0.094488755 0.024651095 -0.995220840 -16.084831238 -0.001971412 0.999686778 0.024948893 0.122566909 0.995523989 0.004319379 -0.094410583 4.390921116
-0.092620715 0.028174708 -0.995302856 -16.807270050 -0.002675809 0.999588907 0.028545042 0.135278016 0.995697916 0.005307102 -0.092507273 4.319374561
-0.090935662 0.030186370 -0.995399177 -17.535415649 -0.003024324 0.999527395 0.030587856 0.145180285 0.995852292 0.005791936 -0.090801395 4.249915600
-0.089172669 0.029378124 -0.995582819 -18.273096085 -0.005088964 0.999538362 0.029950656 0.161382079 0.996003211 0.007737265 -0.088982001 4.175555229
-0.087099157 0.026713984 -0.995841384 -19.031532288 -0.007655203 0.999592960 0.027484167 0.169415474 0.996170223 0.010017216 -0.086859211 4.098349571
-0.085533008 0.026116002 -0.995992959 -19.805271149 -0.008570671 0.999600172 0.026946608 0.185220897 0.996298492 0.010841153 -0.085274994 4.024816036
-0.084025197 0.028195208 -0.996064663 -20.587276459 -0.006092280 0.999566495 0.028808258 0.203166068 0.996445000 0.008488924 -0.083817005 3.956748962
-0.083149038 0.030432709 -0.996072352 -21.384748459 -0.004034160 0.999515235 0.030874657 0.214370728 0.996528983 0.006585514 -0.082985967 3.894277573
-0.081470944 0.032238867 -0.996154130 -22.170356750 -0.003183935 0.999463201 0.032606363 0.228306979 0.996670604 0.005828161 -0.081324577 3.813343048
-0.080873258 0.027370047 -0.996348500 -22.968570709 -0.003302783 0.999610066 0.027727729 0.238495409 0.996718884 0.005533155 -0.080751330 3.754775047
-0.080379643 0.020683352 -0.996549606 -23.776473999 -0.002021848 0.999779224 0.020913456 0.245861828 0.996762216 0.003695888 -0.080320090 3.685163021
-0.080720685 0.016068241 -0.996607184 -24.597696304 0.001379483 0.999870956 0.016009126 0.257208169 0.996735752 -0.000082535 -0.080732420 3.621533871
-0.081385233 0.016716324 -0.996542513 -25.436674118 0.002344476 0.999859810 0.016580496 0.266723573 0.996680021 -0.000986961 -0.081413016 3.551822901
-0.081410445 0.024427380 -0.996381283 -26.274305344 0.001536523 0.999701500 0.024383228 0.269407034 0.996679485 0.000454087 -0.081423678 3.478502989
-0.081602566 0.031258836 -0.996174634 -27.100824356 -0.000357195 0.999507189 0.031392660 0.281364202 0.996664882 0.002917550 -0.081551179 3.408019304
-0.082276091 0.036735825 -0.995932281 -27.946914673 -0.002209259 0.999311268 0.037042972 0.292796373 0.996607065 0.005248023 -0.082138255 3.335306644
-0.082355998 0.037300270 -0.995904684 -28.786434174 -0.004046389 0.999278605 0.037761245 0.300735235 0.996594727 0.007139683 -0.082145661 3.253848314
-0.082735069 0.033602048 -0.996004939 -29.622728348 -0.003912262 0.999412656 0.034041997 0.318344176 0.996563852 0.006713099 -0.082555026 3.180633307
-0.082595102 0.030480290 -0.996116996 -30.459505081 -0.004213912 0.999512613 0.030933596 0.338840723 0.996574223 0.006752512 -0.082426392 3.097703457
-0.082839325 0.032045923 -0.996047556 -31.288356781 -0.005934351 0.999449193 0.032648914 0.350502849 0.996545196 0.008615509 -0.082603537 3.024623871
-0.082970120 0.034509126 -0.995954454 -32.129272461 -0.006755302 0.999357820 0.035189815 0.360337019 0.996529102 0.009647675 -0.082683735 2.954225302
-0.082689516 0.033073112 -0.996026397 -32.956909180 -0.007859435 0.999396443 0.033837486 0.368343771 0.996544361 0.010626211 -0.082379684 2.874905825
-0.082543761 0.027776837 -0.996200264 -33.782649994 -0.008553832 0.999554932 0.028579120 0.380067825 0.996550739 0.010880360 -0.082269430 2.805730820
-0.082172774 0.023511792 -0.996340692 -34.616970062 -0.010031836 0.999651492 0.024417281 0.394535601 0.996567607 0.012001564 -0.081908293 2.726094007
-0.081502080 0.024438841 -0.996373475 -35.438228607 -0.009943819 0.999629557 0.025332099 0.398315698 0.996623456 0.011972377 -0.081228890 2.655074596
-0.080893435 0.026954550 -0.996358156 -36.267856598 -0.008620422 0.999577880 0.027741538 0.405165970 0.996685505 0.010833139 -0.080626942 2.584830761
-0.080512151 0.031780537 -0.996246815 -37.113582611 -0.008154888 0.999437034 0.032541342 0.417847276 0.996720195 0.010744256 -0.080207668 2.510620356
-0.080015786 0.037388071 -0.996092081 -37.945011139 -0.007889926 0.999241233 0.038140059 0.432045221 0.996762335 0.010910899 -0.079660088 2.447073221
-0.079851113 0.040479299 -0.995984674 -38.791404724 -0.008234032 0.999114156 0.041266643 0.449675202 0.996772707 0.011496157 -0.079447098 2.364540815
-0.079659365 0.040551040 -0.995997012 -39.623245239 -0.007465892 0.999119878 0.041275304 0.469063044 0.996794224 0.010723971 -0.079286501 2.296623230
-0.079545960 0.036061354 -0.996178687 -40.444595337 -0.007941516 0.999290824 0.036808144 0.488703430 0.996799588 0.010839108 -0.079203174 2.226490974
-0.078781560 0.031496473 -0.996394157 -41.276073456 -0.008799409 0.999439955 0.032288477 0.505769551 0.996853054 0.011311418 -0.078460291 2.144414902
-0.078595333 0.029301029 -0.996475935 -42.094261169 -0.013196045 0.999449790 0.030429289 0.510619998 0.996819317 0.015541140 -0.078165449 2.071117163
-0.079215884 0.027336132 -0.996482611 -42.917995453 -0.016673723 0.999447763 0.028742958 0.523319721 0.996717989 0.018891972 -0.078716345 1.998329878
-0.079963371 0.025255987 -0.996477723 -43.735729218 -0.014526960 0.999543309 0.026499409 0.533193529 0.996691823 0.016594771 -0.079559959 1.930179119
-0.081097849 0.021876106 -0.996465981 -44.566513062 -0.011353982 0.999673963 0.022870576 0.534855843 0.996641457 0.013168611 -0.080823019 1.862378597
-0.081719197 0.020242851 -0.996449769 -45.377964020 -0.006412158 0.999762356 0.020836005 0.548780024 0.996634603 0.008092092 -0.081569985 1.797920942
-0.083592460 0.023614977 -0.996220171 -46.192867279 -0.006538127 0.999684632 0.024245709 0.554059803 0.996478498 0.008540171 -0.083411694 1.722830057
-0.084986269 0.030075848 -0.995928109 -47.026153564 -0.005093306 0.999518216 0.030618891 0.552714705 0.996369004 0.007674753 -0.084792137 1.642000198
-0.087134920 0.033908539 -0.995619237 -47.840435028 -0.002857040 0.999407947 0.034287609 0.561762571 0.996192336 0.005832173 -0.086986467 1.585242748
-0.088546388 0.032980360 -0.995525837 -48.649875641 -0.002755015 0.999439836 0.033355061 0.572126985 0.996068180 0.005696160 -0.088405944 1.508225441
-0.089739300 0.028760716 -0.995549917 -49.445072174 -0.006228087 0.999547243 0.029437587 0.584867239 0.995945871 0.008842082 -0.089519553 1.427942276
-0.090695113 0.025340499 -0.995556235 -50.238708496 -0.011106931 0.999588311 0.026454967 0.589120388 0.995816708 0.013456912 -0.090376332 1.336330414
-0.092582993 0.024139144 -0.995412290 -51.032886505 -0.015067689 0.999557614 0.025641102 0.595478415 0.995590925 0.017372495 -0.092178337 1.254657269
-0.093059599 0.025071489 -0.995344877 -51.815635681 -0.017121479 0.999494731 0.026776791 0.601020694 0.995513260 0.019533616 -0.092583336 1.170851231
-0.094148971 0.026565872 -0.995203793 -52.602817535 -0.017096464 0.999453247 0.028296690 0.608437657 0.995411277 0.019678565 -0.093643337 1.092666149
-0.094896778 0.026133737 -0.995144069 -53.386219025 -0.018857421 0.999428749 0.028044498 0.614340842 0.995308518 0.021427182 -0.094349749 1.009301186
-0.095408089 0.025964865 -0.995099664 -54.163494110 -0.019674676 0.999415278 0.027963841 0.621847153 0.995243788 0.022246240 -0.094841458 0.927375317
-0.096003555 0.027838957 -0.994991660 -54.935894012 -0.018064886 0.999395430 0.029705195 0.629985869 0.995217025 0.020826215 -0.095442630 0.851144314
-0.096179157 0.030488685 -0.994897008 -55.705974579 -0.017568078 0.999323070 0.032322675 0.642166018 0.995208979 0.020587197 -0.095578432 0.776201248
-0.096528530 0.034919031 -0.994717538 -56.481903076 -0.017241284 0.999175787 0.036748655 0.649851203 0.995181024 0.020697504 -0.095846921 0.697015762
-0.097045779 0.036998056 -0.994592071 -57.242397308 -0.017398285 0.999093175 0.038863096 0.663335085 0.995127916 0.021075698 -0.096314073 0.619338512
-0.097712882 0.036990434 -0.994527102 -57.991077423 -0.017164577 0.999097705 0.038846865 0.673840404 0.995066583 0.020866470 -0.096989803 0.543982506
-0.098075442 0.035274524 -0.994553626 -58.731498718 -0.016561149 0.999175370 0.037071582 0.681257248 0.995041192 0.020106759 -0.097410373 0.469783306
-0.098114699 0.031443093 -0.994678259 -59.459758759 -0.015955254 0.999322534 0.033163726 0.699598074 0.995047212 0.019124191 -0.097546555 0.392231464
-0.097814061 0.028504653 -0.994796395 -60.189533234 -0.016229192 0.999411225 0.030232619 0.711465836 0.995072424 0.019101918 -0.097293839 0.314375401
-0.096470930 0.026273532 -0.994989038 -60.895637512 -0.017396003 0.999454319 0.028078103 0.714469671 0.995183825 0.020017555 -0.095961228 0.238373280
-0.094195940 0.025290273 -0.995232403 -61.588218689 -0.019915218 0.999429345 0.027281843 0.723849416 0.995354533 0.022390110 -0.093638524 0.166855812
-0.089716457 0.026211727 -0.995622396 -62.273406982 -0.020012995 0.999404371 0.028114690 0.727832198 0.995766222 0.022447743 -0.089138448 0.096763134
-0.084035806 0.028088465 -0.996066809 -62.940937042 -0.019682907 0.999360800 0.029841958 0.728549600 0.996268332 0.022113286 -0.083429232 0.041424274
-0.076999709 0.029713821 -0.996588290 -63.585880280 -0.019095873 0.999328554 0.031270932 0.730644345 0.996848226 0.021438578 -0.076380581 -0.000998020
-0.068275645 0.031044209 -0.997183323 -64.200149536 -0.019532366 0.999282598 0.032446910 0.735376120 0.997475207 0.021692684 -0.067620315 -0.041443348
-0.056320179 0.032609183 -0.997880042 -64.825096130 -0.021688949 0.999190629 0.033876136 0.744125605 0.998177111 0.023550875 -0.055567350 -0.081599712
-0.041423552 0.034109771 -0.998559296 -65.431076050 -0.025166498 0.999064445 0.035171017 0.752141237 0.998824596 0.026587149 -0.040526390 -0.108313560
-0.022887945 0.035506744 -0.999107301 -66.019500732 -0.026296809 0.999001980 0.036105413 0.757224321 0.999392152 0.027099710 -0.021931387 -0.117115259
-0.000761226 0.036343638 -0.999338984 -66.584304810 -0.027269959 0.998966932 0.036350876 0.765390038 0.999627769 0.027279601 0.000230640 -0.105712719
0.024785236 0.036791123 -0.999015570 -67.123237610 -0.026249493 0.999001980 0.036139384 0.768733740 0.999348044 0.025327927 0.025726236 -0.078902483
0.054104745 0.036220025 -0.997878134 -67.595001221 -0.025588917 0.999064028 0.034875635 0.777744770 0.998207331 0.023647685 0.054980934 -0.034963608
0.088441804 0.035969984 -0.995431602 -68.101753235 -0.024443028 0.999125242 0.033931743 0.787752867 0.995781481 0.021330379 0.089243650 0.029404640
0.126166701 0.036199972 -0.991348326 -68.573318481 -0.024346327 0.999145985 0.033386201 0.794778228 0.991710246 0.019923465 0.126940280 0.113725662
0.167094618 0.036102172 -0.985279620 -69.030921936 -0.023972761 0.999182642 0.032546028 0.795630813 0.985649288 0.018181609 0.167823523 0.213232040
0.212096080 0.037050579 -0.976546168 -69.455436707 -0.023057565 0.999192655 0.032901917 0.799891949 0.976976693 0.015538409 0.212779120 0.330185890
0.260610521 0.035861570 -0.964777708 -69.874053955 -0.019009849 0.999306738 0.032010004 0.793925881 0.965256751 0.009998133 0.261111528 0.472408295
0.309798568 0.030905917 -0.950299740 -70.284690857 -0.011396570 0.999520540 0.028791388 0.793036580 0.950733781 0.001910625 0.310002238 0.659320831
0.361096859 0.025722826 -0.932173491 -70.703735352 -0.006238880 0.999663770 0.025168426 0.794032335 0.932507396 -0.003272519 0.361135930 0.859884262
0.413725525 0.021438178 -0.910149157 -71.066864014 -0.001030234 0.999733150 0.023079969 0.789596200 0.910401046 -0.008611108 0.413637221 1.062339783
0.465189725 0.020750944 -0.884967864 -71.394432068 -0.001838486 0.999745846 0.022475867 0.801496565 0.885209084 -0.008828541 0.465109646 1.274089813
0.513791144 0.019558897 -0.857692301 -71.766716003 -0.000486161 0.999746561 0.022507086 0.808456481 0.857915223 -0.011146964 0.513670504 1.529489517
0.559127212 0.014851110 -0.828948915 -72.116111755 0.007602494 0.999705553 0.023038216 0.815938413 0.829046965 -0.019183371 0.558849812 1.812614441
0.602336168 0.008189920 -0.798200607 -72.432327271 0.018396908 0.999539375 0.024138382 0.816456616 0.798030496 -0.029223843 0.601907969 2.126426697
0.644804120 0.003477105 -0.764339983 -72.748336792 0.019437524 0.999591708 0.020944966 0.818474650 0.764100671 -0.028362274 0.644473195 2.440612793
0.685576856 -0.002021069 -0.727997482 -73.044784546 0.017671105 0.999747694 0.013865898 0.820316613 0.727785826 -0.022370659 0.685439467 2.762931824
0.726340711 -0.006935955 -0.687299788 -73.286155701 0.012492858 0.999917030 0.003111729 0.811563134 0.687221169 -0.010846512 0.726367176 3.064430237
0.765536606 -0.009493979 -0.643322289 -73.556625366 0.007879642 0.999954402 -0.005380497 0.813637972 0.643344164 -0.000950182 0.765576422 3.432193756
0.802910864 -0.010530302 -0.596005976 -73.825958252 0.006387254 0.999938548 -0.009062423 0.819249749 0.596064866 0.003469478 0.802928805 3.827388763
0.836527169 -0.012003478 -0.547793984 -74.067832947 0.007378905 0.999916136 -0.010642353 0.811677098 0.547875702 0.004860497 0.836545587 4.263706207
0.867083967 -0.010266865 -0.498056233 -74.304794312 0.004504436 0.999908328 -0.012770044 0.801274717 0.498141617 0.008829238 0.867050707 4.712486267
0.892965555 -0.008859034 -0.450037926 -74.513412476 0.004117441 0.999925196 -0.011513781 0.790005445 0.450106353 0.008428403 0.892935216 5.190792084
0.913824439 -0.002946388 -0.406098872 -74.701995850 -0.001415491 0.999944448 -0.010440157 0.775811255 0.406107068 0.010115299 0.913769484 5.688938141
0.931288242 0.001681471 -0.364279330 -74.888153076 -0.006497690 0.999906898 -0.011996029 0.766642809 0.364225268 0.013538734 0.931212485 6.202291489
0.944828093 0.006857987 -0.327495098 -75.074264526 -0.011008618 0.999880850 -0.010821780 0.758740544 0.327381909 0.013829989 0.944790900 6.732942581
0.954705596 0.007283993 -0.297462910 -75.229225159 -0.010446320 0.999904513 -0.009042679 0.746526539 0.297368616 0.011740489 0.954690576 7.299278259
0.961986542 0.006572803 -0.273017555 -75.382041931 -0.008988151 0.999930799 -0.007597067 0.736551523 0.272948712 0.009762200 0.961979091 7.881868362
0.967798352 0.007087684 -0.251626700 -75.537025452 -0.008719540 0.999947548 -0.005370836 0.721113086 0.251575381 0.007391956 0.967809498 8.493989944
0.972329617 0.009942913 -0.233401179 -75.681411743 -0.010924930 0.999936104 -0.002914969 0.715407610 0.233357295 0.005384203 0.972376168 9.108024597
0.975837767 0.014631721 -0.218005970 -75.824531555 -0.015355256 0.999880850 -0.001625013 0.710718572 0.217956215 0.004933287 0.975946069 9.743343353
0.978606403 0.018322453 -0.204923823 -75.956565857 -0.018692184 0.999825358 0.000131558 0.698620498 0.204890415 0.003701731 0.978777945 10.388183594
0.981297493 0.016953623 -0.191748738 -76.083618164 -0.017279668 0.999850750 -0.000028202 0.687488794 0.191719592 0.003341030 0.981444061 11.052609444
0.983877182 0.017088998 -0.178027511 -76.199394226 -0.017506979 0.999846458 -0.000777093 0.681591034 0.177986920 0.003881288 0.984025180 11.729531288
0.986406565 0.017521989 -0.163386300 -76.320571899 -0.017813968 0.999841273 -0.000321985 0.677479386 0.163354725 0.003228167 0.986562133 12.439714432
0.988597214 0.018751547 -0.149411455 -76.423049927 -0.019003345 0.999819338 -0.000257655 0.676376939 0.149379656 0.003094035 0.988775074 13.149095535
0.990444005 0.019259598 -0.136563897 -76.521667480 -0.019807937 0.999800265 -0.002657405 0.658216357 0.136485413 0.005337060 0.990627766 13.865024567
0.991902947 0.019123599 -0.125549898 -76.616874695 -0.020246694 0.999765515 -0.007675353 0.644032717 0.125373647 0.010155177 0.992057621 14.604627609
0.993103266 0.019366696 -0.115631253 -76.705352783 -0.021127049 0.999678493 -0.014017618 0.623906255 0.115322582 0.016363891 0.993193209 15.337247849
0.994000673 0.017882502 -0.107901596 -76.797370911 -0.019521691 0.999709189 -0.014154373 0.611944854 0.107617088 0.016175875 0.994060814 16.120956421
0.994732261 0.019681202 -0.100599974 -76.884948730 -0.020573340 0.999757648 -0.007838342 0.595453978 0.100421309 0.009866729 0.994896054 16.887123108
0.995114326 0.024164077 -0.095726460 -76.964859009 -0.024262050 0.999705672 0.000140454 0.579303324 0.095701657 0.002182753 0.995407641 17.655075073
0.995472133 0.024739107 -0.091779031 -77.028831482 -0.024468068 0.999692321 0.004077365 0.561510861 0.091851652 -0.001813248 0.995771050 18.410839081
0.995842159 0.024039609 -0.087867722 -77.112838745 -0.023863398 0.999710619 0.003055421 0.549714744 0.087915733 -0.000945894 0.996127427 19.179298401
0.996122003 0.023158072 -0.084880017 -77.186500549 -0.023127753 0.999731660 0.001340573 0.547333181 0.084888257 0.000627710 0.996390343 19.967012405
0.996387422 0.023388840 -0.081639439 -77.265007019 -0.023112008 0.999723494 0.004334341 0.519053400 0.081718251 -0.002431832 0.996652424 20.754487991
0.996659696 0.021156611 -0.078878574 -77.326225281 -0.020687047 0.999763131 0.006765438 0.509924054 0.079003006 -0.005111075 0.996861219 21.524776459
0.996941626 0.019197458 -0.075754687 -77.384124756 -0.018593494 0.999789596 0.008669869 0.495959520 0.075905196 -0.007234809 0.997088790 22.286769867
0.997138083 0.018244782 -0.073366530 -77.436088562 -0.017927799 0.999826849 0.004976789 0.488403738 0.073444627 -0.003647246 0.997292697 23.045385361
0.997216940 0.020821545 -0.071586818 -77.501609802 -0.021030506 0.999776483 -0.002166454 0.474279165 0.071525708 0.003665932 0.997431993 23.799263000
0.997280836 0.021916190 -0.070359744 -77.552391052 -0.022660168 0.999695241 -0.009793151 0.458384007 0.070123672 0.011360889 0.997473598 24.541044235
0.997350037 0.022815259 -0.069083393 -77.611053467 -0.023845775 0.999615788 -0.014129153 0.444091707 0.068734519 0.015739061 0.997510731 25.301923752
0.997474611 0.024783280 -0.066559516 -77.672286987 -0.025666637 0.999592960 -0.012449468 0.422093779 0.066223897 0.014126388 0.997704744 26.065258026
0.997551203 0.027996531 -0.064091399 -77.732414246 -0.028595943 0.999555290 -0.008454194 0.400660753 0.063826218 0.010266247 0.997908175 26.816164017
0.997594237 0.031313419 -0.061848328 -77.789276123 -0.031570647 0.999496460 -0.003185880 0.383271307 0.061717428 0.005130808 0.998080432 27.583345413
0.997838318 0.029151591 -0.058896460 -77.841819763 -0.029302770 0.999569178 -0.001704608 0.370926350 0.058821395 0.003426754 0.998262584 28.343912125
0.997982502 0.026522990 -0.057685576 -77.888031006 -0.026633900 0.999644578 -0.001154479 0.350042999 0.057634454 0.002688541 0.998334169 29.106643677
0.998120964 0.024384363 -0.056214366 -77.935798645 -0.024482287 0.999699712 -0.001053854 0.332452625 0.056171782 0.002428130 0.998418152 29.859416962
0.998151720 0.024081383 -0.055796940 -77.973815918 -0.024298964 0.999699473 -0.003224265 0.321628451 0.055702522 0.004574113 0.998436928 30.601951599
0.998230994 0.022050198 -0.055216111 -78.014656067 -0.022330225 0.999740720 -0.004459578 0.308059096 0.055103455 0.005684677 0.998464465 31.359094620
0.998294294 0.020586869 -0.054631907 -78.055419922 -0.020857951 0.999772787 -0.004396417 0.294066846 0.054528985 0.005528428 0.998496890 32.115779877
0.998270690 0.024707759 -0.053339411 -78.113883972 -0.024934500 0.999682665 -0.003589675 0.280747175 0.053233787 0.004913459 0.998569965 32.895545959
0.998270690 0.024545822 -0.053414576 -78.156806946 -0.024806533 0.999683380 -0.004223322 0.266136587 0.053293999 0.005541049 0.998563528 33.668571472
0.998173356 0.024035664 -0.055427253 -78.197448730 -0.024304356 0.999695957 -0.004178610 0.249872625 0.055309970 0.005518102 0.998454034 34.442165375
0.998136759 0.021922871 -0.056940734 -78.251266479 -0.022168625 0.999747455 -0.003687830 0.235728696 0.056845505 0.004943257 0.998370707 35.231006622
0.997925520 0.023254249 -0.060032565 -78.310714722 -0.023530919 0.999715507 -0.003905810 0.223093703 0.059924658 0.005310329 0.998188853 36.034057617
0.997632623 0.027981093 -0.062819153 -78.366203308 -0.028279575 0.999592602 -0.003867188 0.203286901 0.062685363 0.005634532 0.998017430 36.819824219
0.997461259 0.028227024 -0.065377437 -78.429153442 -0.028863238 0.999544561 -0.008807267 0.188070506 0.065099075 0.010671914 0.997821748 37.616043091
0.997307837 0.028942432 -0.067375682 -78.502532959 -0.029828865 0.999480844 -0.012187796 0.174123108 0.066987969 0.014164724 0.997653186 38.403694153
0.997189999 0.028561924 -0.069255732 -78.566772461 -0.029575493 0.999469340 -0.013654062 0.156009436 0.068829022 0.015663967 0.997505426 39.199390411
0.997028232 0.029100405 -0.071330242 -78.639480591 -0.030063152 0.999470353 -0.012460606 0.140251517 0.070929892 0.014567986 0.997374892 40.022037506
0.996867955 0.027123477 -0.074286148 -78.687248230 -0.028062398 0.999538720 -0.011624626 0.112739086 0.073936567 0.013672868 0.997169197 40.860794067
0.996773899 0.026554374 -0.075740159 -78.757614136 -0.027377794 0.999576569 -0.009854009 0.095924199 0.075446419 0.011895821 0.997078896 41.696571350
0.996668696 0.025817787 -0.077361748 -78.819717407 -0.026375592 0.999632895 -0.006197209 0.078661144 0.077173352 0.008217027 0.996983767 42.536182404
0.996639431 0.025701433 -0.077776812 -78.895561218 -0.025892157 0.999663711 -0.001444628 0.064064592 0.077713519 0.003453583 0.996969759 43.368961334
0.996666789 0.025642669 -0.077444382 -78.962867737 -0.025652619 0.999670565 0.000866498 0.046460994 0.077441096 0.001123041 0.996996224 44.240394592
0.996735334 0.028832370 -0.075412907 -79.034362793 -0.028821010 0.999583900 0.001239125 0.032280512 0.075417258 0.000938397 0.997151613 45.100234985
0.996894896 0.028666858 -0.073339894 -79.106414795 -0.028779952 0.999585688 -0.000485526 0.025948681 0.073295593 0.002594737 0.997306883 45.954002380
0.997062206 0.026392190 -0.071905270 -79.166137695 -0.026667548 0.999640286 -0.002872046 0.011575803 0.071803614 0.004781146 0.997407317 46.815624237
0.997267842 0.022446854 -0.070377946 -79.222015381 -0.022817677 0.999729633 -0.004469402 -0.004819065 0.070258610 0.006063052 0.997510493 47.680618286
0.997453332 0.020985777 -0.068164125 -79.290489197 -0.021352889 0.999761283 -0.004661507 -0.019255638 0.068050012 0.006105138 0.997663200 48.564102173
0.997559845 0.018719271 -0.067260772 -79.350494385 -0.018884411 0.999819994 -0.001820171 -0.038928658 0.067214601 0.003085908 0.997733772 49.439918518
0.997685790 0.016130382 -0.066053309 -79.413963318 -0.016150175 0.999869525 0.000234334 -0.049122527 0.066048481 0.000832981 0.997816086 50.316082001
0.997728765 0.015330743 -0.065593116 -79.467208862 -0.015323620 0.999882519 0.000611729 -0.068222359 0.065594800 0.000394785 0.997846186 51.200904846
0.997787118 0.016932504 -0.064297296 -79.528503418 -0.017135365 0.999849737 -0.002604850 -0.088239178 0.064243533 0.003700843 0.997927368 52.069057465
0.997818768 0.019643167 -0.063023463 -79.606712341 -0.020209212 0.999760807 -0.008356594 -0.105597019 0.062844247 0.009612021 0.997977018 52.929508209
0.997802258 0.021064430 -0.062825352 -79.653945923 -0.021989584 0.999659181 -0.014070809 -0.124712050 0.062507555 0.015421388 0.997925341 53.800064087
0.997754991 0.025659434 -0.061859176 -79.722473145 -0.026895685 0.999453247 -0.019235671 -0.159874558 0.061331771 0.020856228 0.997899413 54.654930115
0.997815549 0.025855649 -0.060791306 -79.783676147 -0.027116731 0.999431968 -0.020011695 -0.188965201 0.060239360 0.021616446 0.997949898 55.500129700
0.997910619 0.022784600 -0.060457218 -79.839820862 -0.023679860 0.999619663 -0.014133150 -0.211685479 0.060112197 0.015535239 0.998070836 56.352355957
0.997873783 0.022324800 -0.061232667 -79.891647339 -0.022687718 0.999728978 -0.005237963 -0.235421240 0.061099127 0.006616057 0.998109818 57.206344604
0.997818947 0.021449707 -0.062428389 -79.951881409 -0.021308910 0.999768734 0.002920268 -0.263493478 0.062476579 -0.001583621 0.998045206 58.050910950
0.997700930 0.019137368 -0.065013036 -80.005119324 -0.019157058 0.999816477 0.000320543 -0.275039226 0.065007232 0.000925653 0.997884333 58.891571045
0.997689247 0.014611466 -0.066351525 -80.071296692 -0.014853190 0.999884725 -0.003151184 -0.293147892 0.066297844 0.004129435 0.997791350 59.736660004
0.997532368 0.013013576 -0.068989515 -80.128547668 -0.013375469 0.999899149 -0.004786286 -0.310709298 0.068920285 0.005697242 0.997605920 60.565177917
0.997309148 0.015116442 -0.071735546 -80.199295044 -0.015639950 0.999854982 -0.006741636 -0.334787637 0.071623251 0.007845436 0.997400820 61.390251160
0.997037053 0.017046057 -0.075010605 -80.269317627 -0.017866557 0.999787509 -0.010280994 -0.352944195 0.074819408 0.011590712 0.997129738 62.212253571
0.996708751 0.017518649 -0.079149641 -80.341911316 -0.018647602 0.999734282 -0.013546913 -0.374054551 0.078891300 0.014978277 0.996770680 63.015621185
0.996433139 0.019539004 -0.082094356 -80.420547485 -0.021039199 0.999626517 -0.017448829 -0.399667740 0.081722759 0.019113790 0.996471763 63.811386108
0.996077001 0.023783281 -0.085235491 -80.500923157 -0.025341941 0.999530017 -0.017251326 -0.428161263 0.084785134 0.019343685 0.996211469 64.618370056
0.995670676 0.027737219 -0.088716485 -80.586837769 -0.029241437 0.999449134 -0.015700623 -0.448612571 0.088232122 0.018226851 0.995933056 65.416542053
0.995247364 0.030390209 -0.092515483 -80.674812317 -0.031439271 0.999456584 -0.009902823 -0.469204724 0.092164271 0.012764378 0.995661914 66.216621399
0.994860649 0.030705841 -0.096487068 -80.758682251 -0.031224208 0.999504924 -0.003866757 -0.497639835 0.096320607 0.006859616 0.995326757 67.029594421
0.994376123 0.030375119 -0.101457074 -80.844894409 -0.030558556 0.999532938 -0.000253997 -0.514853299 0.101401977 0.003352951 0.994839907 67.825019836
0.993717253 0.030040894 -0.107813239 -80.938705444 -0.030124037 0.999545753 0.000857731 -0.529657364 0.107790031 0.002395428 0.994170845 68.616050720
0.993145764 0.027570290 -0.113584429 -81.029167175 -0.027232446 0.999618888 0.004525214 -0.542023778 0.113665894 -0.001401014 0.993518054 69.400016785
0.992341340 0.028228620 -0.120257728 -81.128662109 -0.027952429 0.999601305 0.003983228 -0.553767323 0.120322205 -0.000591227 0.992734790 70.179985046
0.991496563 0.032779645 -0.125936866 -81.249794006 -0.032603193 0.999462426 0.003462581 -0.568297207 0.125982657 0.000672808 0.992032111 70.952606201
0.990643144 0.034382273 -0.132076800 -81.358734131 -0.034710329 0.999397337 -0.000181634 -0.580279231 0.131991029 0.004764364 0.991239369 71.719490051
0.989856601 0.033336990 -0.138104290 -81.470153809 -0.034065120 0.999415338 -0.002911429 -0.592634320 0.137926534 0.007586437 0.990413308 72.486717224
0.989024222 0.034900256 -0.143573046 -81.588928223 -0.035896499 0.999346018 -0.004353671 -0.605895042 0.143327191 0.009459657 0.989630044 73.252410889
0.988296807 0.036790889 -0.148039907 -81.711257935 -0.037068862 0.999312341 0.000881815 -0.618534565 0.147970557 0.004616176 0.988980949 74.016731262
0.987315774 0.037669931 -0.154235125 -81.839347839 -0.037366651 0.999289870 0.004865864 -0.629245400 0.154308885 0.000959105 0.988022208 74.778511047
0.986341596 0.036165133 -0.160693601 -81.964843750 -0.035441890 0.999344647 0.007365690 -0.645981550 0.160854653 -0.001569799 0.986976802 75.535377502
0.985215068 0.034101658 -0.167894214 -82.098968506 -0.034026980 0.999415457 0.003322517 -0.653421283 0.167909414 0.002439541 0.985799432 76.281455994
0.983865619 0.032113589 -0.176004112 -82.234321594 -0.033219587 0.999442518 -0.003340339 -0.667030454 0.175798729 0.009133228 0.984383762 77.004699707
0.982298911 0.029432368 -0.184993595 -82.384292603 -0.030840041 0.999513209 -0.004735856 -0.681473017 0.184764147 0.010357239 0.982728302 77.749732971
0.980219066 0.029170355 -0.195753738 -82.535110474 -0.030172296 0.999542475 -0.002137654 -0.694393158 0.195601791 0.008001710 0.980650723 78.486213684
0.977902710 0.029201150 -0.207010642 -82.699203491 -0.028989568 0.999571502 0.004056092 -0.703259349 0.207040399 0.002034687 0.978330314 79.225914001
0.975365281 0.030094940 -0.218533501 -82.870681763 -0.028166121 0.999531925 0.011936838 -0.713774443 0.218790501 -0.005487537 0.975756466 79.941680908
0.972793818 0.030696850 -0.229630262 -83.054328918 -0.027928935 0.999492884 0.015294971 -0.721481204 0.229983330 -0.008465524 0.973157883 80.667213440
0.969906271 0.034183443 -0.241067454 -83.249435425 -0.032382630 0.999410212 0.011429038 -0.735676527 0.241315991 -0.003278696 0.970441103 81.381210327
0.966901481 0.033902649 -0.252887636 -83.452835083 -0.034444410 0.999404073 0.002285955 -0.742708564 0.252814472 0.006500272 0.967492998 82.078506470
0.963673830 0.031197609 -0.265253782 -83.656311035 -0.033088598 0.999448895 -0.002662352 -0.745078802 0.265024543 0.011342516 0.964175045 82.789367676
0.960250854 0.030084414 -0.277512461 -83.861999512 -0.030639524 0.999527693 0.002337110 -0.748482168 0.277451694 0.006258640 0.960719228 83.520759583
0.956823528 0.031202095 -0.288990021 -84.086601257 -0.029750502 0.999512970 0.009415286 -0.753240705 0.289143026 -0.000411167 0.957285881 84.244827271
0.953238070 0.031210525 -0.300604731 -84.325668335 -0.027952636 0.999494672 0.015133630 -0.761794329 0.300925195 -0.006023259 0.953628719 84.954414368
0.949164808 0.028920464 -0.313448310 -84.566772461 -0.026091725 0.999572158 0.013216691 -0.764837503 0.313696444 -0.004366410 0.949513316 85.667243958
0.945539713 0.027469480 -0.324345827 -84.824722290 -0.025922779 0.999622583 0.009089364 -0.771645784 0.324473143 -0.000186407 0.945894897 86.362655640
0.942412615 0.022676988 -0.333682925 -85.072494507 -0.023303932 0.999726176 0.002124358 -0.778523326 0.333639830 0.005774100 0.942682922 87.052268982
0.939590931 0.018657567 -0.341790736 -85.329727173 -0.021215275 0.999767959 -0.003746283 -0.785985589 0.341641545 0.010771159 0.939768612 87.756843567
0.937032580 0.018094055 -0.348773122 -85.601455688 -0.021540776 0.999749899 -0.006006411 -0.793362975 0.348577261 0.013141043 0.937187970 88.457443237
0.933973193 0.023745967 -0.356553644 -85.889831543 -0.027526194 0.999605834 -0.005531056 -0.813437104 0.356281787 0.014980421 0.934258461 89.165214539
0.930941045 0.023995262 -0.364380360 -86.164939880 -0.027008044 0.999630213 -0.003173902 -0.828701973 0.364169449 0.012795918 0.931244791 89.855041504
0.927889585 0.024357043 -0.372058988 -86.453773499 -0.024862137 0.999684989 0.003440473 -0.833369553 0.372025549 0.006057802 0.928202748 90.560897827
0.925050318 0.026260478 -0.378935724 -86.742485046 -0.023587342 0.999653459 0.011695644 -0.841082692 0.379111558 -0.001880971 0.925349116 91.270591736
0.922585726 0.036458801 -0.384065658 -87.068191528 -0.031777434 0.999323189 0.018529942 -0.851062536 0.384481281 -0.004890835 0.923119783 91.969810486
0.919806600 0.042858321 -0.390024245 -87.376785278 -0.039992135 0.999080181 0.015470509 -0.850055575 0.390328556 0.001368028 0.920674622 92.658035278
0.917413235 0.039334085 -0.395987213 -87.678794861 -0.039391708 0.999191821 0.007989725 -0.851333737 0.395981550 0.008268734 0.918221235 93.345436096
0.915570617 0.031796429 -0.400898099 -87.983314514 -0.034434300 0.999406695 0.000624918 -0.857593298 0.400680125 0.013232491 0.916122496 94.035423279
0.913608432 0.032105889 -0.405325383 -88.289901733 -0.035214365 0.999379754 -0.000212594 -0.859864891 0.405067146 0.014467504 0.914172471 94.734054565
0.911554277 0.038295873 -0.409392267 -88.629837036 -0.039773408 0.999196708 0.004908440 -0.868967593 0.409251362 0.011808620 0.912345231 95.428771973
0.909277797 0.041176803 -0.414147735 -88.968322754 -0.040966805 0.999116302 0.009393285 -0.878255725 0.414168566 0.008425202 0.910161197 96.138458252
0.907089233 0.037278682 -0.419284523 -89.291061401 -0.037660934 0.999263287 0.007368283 -0.888570845 0.419250339 0.009106954 0.907824934 96.834686279
0.904787064 0.035962474 -0.424343169 -89.627838135 -0.039051220 0.999236286 0.001418597 -0.901533961 0.424070090 0.015287590 0.905500412 97.524002075
0.902692795 0.033265062 -0.428997874 -89.969856262 -0.039267793 0.999215543 -0.005146398 -0.908434987 0.428490132 0.021491418 0.903290868 98.219451904
