1.000000000 0.000000000 0.000000000 0.000000000 0.000000000 1.000000000 0.000000000 0.000000000 0.000000000 0.000000000 1.000000000 0.000000000
0.999995530 0.002994527 0.000134552 -0.005549917 -0.002994706 0.999994636 0.001347086 -0.012321067 -0.000130517 -0.001347483 0.999999106 0.772953987
0.999984801 0.005480014 0.000635636 -0.014062930 -0.005481240 0.999983013 0.001942061 -0.030196687 -0.000624983 -0.001945515 0.999997914 1.538379669
0.999976933 0.006679969 0.001155163 -0.021788716 -0.006682011 0.999976099 0.001772557 -0.047982566 -0.001143295 -0.001780235 0.999997735 2.274885416
0.999962568 0.008587880 0.001009376 -0.024818053 -0.008589331 0.999962032 0.001441801 -0.061280347 -0.000996956 -0.001450417 0.999998450 3.002294302
0.999958754 0.008920785 0.001788425 -0.036506265 -0.008922929 0.999959409 0.001193416 -0.075104386 -0.001777706 -0.001209325 0.999997616 3.717106342
0.999957919 0.008984474 0.001868891 -0.032008778 -0.008988119 0.999957740 0.001950970 -0.086928226 -0.001851284 -0.001967685 0.999996305 4.412794590
0.999947131 0.009857374 0.002939059 -0.048613653 -0.009872201 0.999938428 0.005073944 -0.103530340 -0.002888862 -0.005102690 0.999982774 5.086278915
0.999943674 0.009721386 0.004256394 -0.040723026 -0.009758614 0.999913514 0.008815161 -0.108524941 -0.004170330 -0.008856203 0.999952078 5.754072666
0.999945164 0.008961188 0.005408867 -0.035533365 -0.009027411 0.999882996 0.012345979 -0.119589567 -0.005297599 -0.012394130 0.999909103 6.385213375
0.999942183 0.008319308 0.006803685 -0.041649818 -0.008417884 0.999858081 0.014590668 -0.128315538 -0.006681335 -0.014647096 0.999870360 6.986121655
0.999932349 0.008893832 0.007494043 -0.026725575 -0.009003182 0.999851584 0.014686356 -0.139628351 -0.007362314 -0.014752831 0.999863982 7.569986820
0.999918759 0.009582100 0.008389778 -0.023401082 -0.009683668 0.999879301 0.012150339 -0.148499072 -0.008272341 -0.012230597 0.999890924 8.121755600
0.999909997 0.009586150 0.009379278 -0.023303740 -0.009671455 0.999911904 0.009092411 -0.150811523 -0.009291291 -0.009182304 0.999914587 8.651973724
0.999909699 0.008018424 0.010776367 -0.008653261 -0.008101546 0.999937534 0.007691832 -0.159870610 -0.010714019 -0.007778441 0.999912381 9.155459404
0.999910951 0.003653530 0.012834823 -0.004321575 -0.003723037 0.999978483 0.005395679 -0.167062819 -0.012814834 -0.005442981 0.999903083 9.621777534
0.999887347 0.002088603 0.014862151 0.003401622 -0.002152612 0.999988496 0.004292139 -0.171599090 -0.014853017 -0.004323649 0.999880254 10.062452316
0.999842286 0.006498338 0.016525175 0.011915773 -0.006536921 0.999976099 0.002281885 -0.181921393 -0.016509948 -0.002389549 0.999860823 10.480726242
0.999746084 0.010870269 0.019734967 0.010305077 -0.010905229 0.999939144 0.001664833 -0.189852476 -0.019715670 -0.001879625 0.999803782 10.863649368
0.999678016 0.011092694 0.022821456 0.020227239 -0.011161439 0.999933600 0.002887080 -0.201721996 -0.022787914 -0.003140871 0.999735355 11.208581924
0.999640882 0.006712086 0.025943616 0.037896782 -0.006801192 0.999971271 0.003347832 -0.206676185 -0.025920400 -0.003523077 0.999657750 11.534340858
0.999584436 0.002614496 0.028711757 0.049987346 -0.002693264 0.999992728 0.002705069 -0.204976290 -0.028704481 -0.002781274 0.999584019 11.814970970
0.999520421 -0.000965745 0.030951960 0.066225737 0.000838108 0.999991119 0.004136440 -0.211854786 -0.030955676 -0.004108516 0.999512315 12.072463989
0.999439895 -0.001311286 0.033439919 0.076244384 0.001137098 0.999985695 0.005227478 -0.217539653 -0.033446290 -0.005186526 0.999427080 12.303967476
0.999359429 -0.000792553 0.035778545 0.079526842 0.000638713 0.999990523 0.004310994 -0.223360762 -0.035781618 -0.004285380 0.999350429 12.505215645
0.999304056 -0.000060906 0.037301324 0.100177675 -0.000055942 0.999995112 0.003131492 -0.230793566 -0.037301332 -0.003131399 0.999299169 12.705730438
0.999174714 0.002494001 0.040541817 0.095481932 -0.002588655 0.999994099 0.002282386 -0.236343861 -0.040535882 -0.002385452 0.999175251 12.862413406
0.999098778 0.005421334 0.042101398 0.099539191 -0.005494580 0.999983609 0.001624202 -0.242121398 -0.042091906 -0.001854068 0.999112070 13.034591675
0.999031305 0.006793805 0.043477219 0.104222298 -0.006805952 0.999976814 0.000131368 -0.248815760 -0.043475315 -0.000427145 0.999054492 13.185961723
0.998951197 0.005827441 0.045415450 0.113888174 -0.005771713 0.999982476 -0.001358107 -0.257549673 -0.045422561 0.001094558 0.998967350 13.339145660
0.998884857 0.004760054 0.046970751 0.118973017 -0.004633013 0.999985337 -0.002813197 -0.262488276 -0.046983447 0.002592443 0.998892307 13.476112366
0.998825371 0.003949285 0.048292648 0.129595757 -0.003766925 0.999985456 -0.003866535 -0.261360705 -0.048307206 0.003680078 0.998825669 13.614620209
0.998768389 0.004566477 0.049406100 0.141367972 -0.004310619 0.999976695 -0.005283990 -0.264185995 -0.049429085 0.005064511 0.998764753 13.751289368
0.998684466 0.005417963 0.050990358 0.143665254 -0.005060509 0.999961734 -0.007136714 -0.270611346 -0.051027067 0.006869287 0.998673677 13.866577148
0.998627961 0.005721332 0.052053433 0.147126794 -0.005221462 0.999939024 -0.009733939 -0.269166082 -0.052105952 0.009448787 0.998596847 13.992632866
0.998604774 0.004950744 0.052571900 0.157990694 -0.004333612 0.999920487 -0.011846315 -0.274497658 -0.052626364 0.011601961 0.998546898 14.116797447
0.998627305 0.004038387 0.052224327 0.162857234 -0.003333344 0.999902248 -0.013580346 -0.278679997 -0.052274063 0.013387622 0.998543084 14.239260674
0.998740017 0.003595768 0.050054539 0.171033621 -0.002849105 0.999883711 -0.014980346 -0.280668497 -0.050102580 0.014818859 0.998634100 14.365395546
0.998884022 0.003634127 0.047089458 0.172772348 -0.002901258 0.999873757 -0.015622355 -0.285796523 -0.047140278 0.015468303 0.998768568 14.496673584
0.999065280 0.004431680 0.042998131 0.178035051 -0.003692761 0.999844432 -0.017249141 -0.282960027 -0.043067887 0.017074237 0.998926282 14.620339394
0.999305367 0.003988508 0.037051342 0.178113222 -0.003313775 0.999827862 -0.018254347 -0.287694693 -0.037117776 0.018118892 0.999146640 14.754724503
0.999524891 0.003994031 0.030562067 0.171701908 -0.003425667 0.999820650 -0.018626826 -0.295116603 -0.030630982 0.018513279 0.999359310 14.864553452
0.999725521 0.003727393 0.023130205 0.173333541 -0.003285654 0.999812126 -0.019106612 -0.301140875 -0.023197077 0.019025370 0.999549866 14.989171982
0.999877751 0.003464331 0.015250279 0.161777064 -0.003154228 0.999788702 -0.020311557 -0.300725847 -0.015317423 0.020260969 0.999677360 15.120507240
0.999981880 0.002916720 0.005274264 0.151914150 -0.002802259 0.999763250 -0.021580335 -0.302325040 -0.005335955 0.021565162 0.999753177 15.253087044
0.999967992 0.001277338 -0.007911842 0.143144965 -0.001460020 0.999731421 -0.023127165 -0.306703031 0.007880179 0.023137972 0.999701262 15.401774406
0.999717414 0.000468166 -0.023767237 0.119602352 -0.001065258 0.999683976 -0.025116062 -0.309238881 0.023747966 0.025134278 0.999401987 15.555733681
0.999070406 0.000784640 -0.043101437 0.091953099 -0.001918108 0.999653220 -0.026262620 -0.310044914 0.043065883 0.026320878 0.998725474 15.734831810
0.997895360 0.001810842 -0.064820603 0.057246566 -0.003482245 0.999664068 -0.025681365 -0.318554997 0.064752318 0.025853034 0.997566402 15.902587891
0.996061444 0.001921171 -0.088645034 0.024478555 -0.004093089 0.999695718 -0.024326025 -0.326776832 0.088571317 0.024593044 0.995766282 16.113824844
0.993360996 0.003099795 -0.114997156 -0.029175997 -0.005762634 0.999722719 -0.022830481 -0.330549330 0.114894494 0.023341598 0.993103564 16.315572739
0.989424586 0.004070781 -0.144991457 -0.095716238 -0.007094806 0.999767780 -0.020345608 -0.343253911 0.144874990 0.021159129 0.989223719 16.539140701
0.983969271 0.004235347 -0.178287268 -0.168256283 -0.007433749 0.999823153 -0.017275395 -0.341719955 0.178182602 0.018323801 0.983826816 16.794933319
0.976650417 0.005442673 -0.214765728 -0.261490107 -0.008467770 0.999877453 -0.013168040 -0.350740790 0.214667737 0.014679159 0.976576865 17.038452148
0.967020273 0.006887082 -0.254606277 -0.365138054 -0.009223774 0.999925554 -0.007984908 -0.351599693 0.254532367 0.010069992 0.967011869 17.301177979
0.955173433 0.010929503 -0.295845002 -0.487636566 -0.012365346 0.999919116 -0.002982751 -0.357165307 0.295788467 0.006507269 0.955231309 17.568489075
0.940960467 0.014311763 -0.338213563 -0.625685215 -0.014759365 0.999890387 0.001248356 -0.358447969 0.338194370 0.003817164 0.941068590 17.844720840
0.924205422 0.016783195 -0.381526828 -0.776117325 -0.015172399 0.999858737 0.007229933 -0.365105063 0.381594300 -0.000893265 0.924329460 18.119926453
0.904901385 0.020150173 -0.425144017 -0.951194286 -0.015342403 0.999773741 0.014729725 -0.367708296 0.425344646 -0.006806220 0.905005872 18.413627625
0.883297384 0.024665121 -0.468163818 -1.116408825 -0.016577970 0.999633789 0.021387409 -0.368891060 0.468519866 -0.011130238 0.883382857 18.652687073
0.858440757 0.030349804 -0.512014031 -1.330874920 -0.019715304 0.999462605 0.026188878 -0.372216016 0.512533665 -0.012387088 0.858577788 18.937236786
0.830427349 0.033536363 -0.556116700 -1.559174538 -0.020478874 0.999349535 0.029685006 -0.369449437 0.556750536 -0.013262595 0.830573916 19.212684631
0.799437284 0.037347876 -0.599587440 -1.801935196 -0.022997845 0.999236703 0.031578433 -0.366974413 0.600309134 -0.011455761 0.799686074 19.472475052
0.765199482 0.040595602 -0.642512083 -2.070449829 -0.023633078 0.999108493 0.034980498 -0.363836169 0.643359363 -0.011582523 0.765476763 19.748605728
0.728637338 0.044491082 -0.683453023 -2.390214920 -0.025017494 0.998950839 0.038357750 -0.344848692 0.684442639 -0.010850610 0.728985965 20.024845123
0.689878643 0.044279017 -0.722569525 -2.721437454 -0.021728281 0.998944461 0.040470015 -0.319450378 0.723598719 -0.012219207 0.690112650 20.288751602
0.648661315 0.044175830 -0.759793997 -3.071155548 -0.019170068 0.998945594 0.041714434 -0.305670261 0.760835707 -0.012493233 0.648824275 20.550252914
0.606405675 0.043057892 -0.793988585 -3.452576637 -0.013540085 0.998947203 0.043831572 -0.295406699 0.795040131 -0.015829047 0.606350362 20.793331146
0.561329603 0.043040708 -0.826472342 -3.859723091 -0.008796344 0.998900533 0.046045989 -0.278812528 0.827545524 -0.018577045 0.561091125 21.041103363
0.515573740 0.044565938 -0.855685353 -4.278952599 -0.006169265 0.998813689 0.048303213 -0.262713671 0.856823027 -0.019624922 0.515237153 21.241197586
0.465503275 0.044039965 -0.883949757 -4.734507561 -0.004966774 0.998875439 0.047150180 -0.238803446 0.885032296 -0.017558185 0.465198606 21.440622330
0.413591832 0.043328211 -0.909430861 -5.220170975 0.000568300 0.998854518 0.047847092 -0.222290456 0.910462201 -0.020305995 0.413093448 21.625312805
0.358749807 0.042102795 -0.932483673 -5.731629372 0.005565100 0.998867989 0.047241159 -0.195410252 0.933417141 -0.022137122 0.358109415 21.810819626
0.305723935 0.041088086 -0.951233208 -6.242501259 0.008376852 0.998913646 0.045839928 -0.174031019 0.952083349 -0.021982703 0.305047691 21.935350418
0.252244413 0.046892699 -0.966526687 -6.801587105 0.009511183 0.998656690 0.050933775 -0.144864202 0.967616796 -0.022040574 0.251459539 22.044605255
0.200757802 0.052071624 -0.978255987 -7.397037029 0.011780702 0.998385787 0.055560745 -0.116880655 0.979570031 -0.022678796 0.199820310 22.135723114
0.152756080 0.053176954 -0.986832142 -7.984888554 0.017694861 0.998244047 0.056530952 -0.090617657 0.988105476 -0.026097311 0.151546866 22.203104019
0.108276032 0.054715376 -0.992613912 -8.603839874 0.020186732 0.998157263 0.057222936 -0.068851948 0.993915915 -0.026233505 0.106971964 22.246976852
0.068329141 0.052935485 -0.996257484 -9.237733841 0.020007746 0.998317838 0.054417200 -0.039865315 0.997462213 -0.023651149 0.067155086 22.255254745
0.032530457 0.048470486 -0.998294652 -9.874901772 0.017730769 0.998638332 0.049064931 -0.005864501 0.999313474 -0.019296641 0.031626731 22.254674911
0.004213987 0.048267785 -0.998825550 -10.552129745 0.015152479 0.998716593 0.048326455 0.031180352 0.999876380 -0.015338327 0.003477193 22.230463028
-0.016718168 0.052567609 -0.998477399 -11.257560730 0.014227159 0.998528481 0.052332073 0.059885204 0.999759018 -0.013330601 -0.017441455 22.200288773
-0.029917216 0.058702324 -0.997827113 -11.974084854 0.016050242 0.998173416 0.058241479 0.090280473 0.999423504 -0.014272948 -0.030804759 22.179094315
-0.037819430 0.061314490 -0.997401774 -12.717659950 0.015647963 0.998029709 0.060759757 0.124743879 0.999162078 -0.013309407 -0.038704365 22.142084122
-0.041621361 0.058444619 -0.997422755 -13.482531548 0.016656509 0.998189569 0.057794504 0.160580099 0.998994589 -0.014208094 -0.042519491 22.102617264
-0.040599450 0.054466993 -0.997689843 -14.260196686 0.023906019 0.998280287 0.053526394 0.198366284 0.998889446 -0.021677649 -0.041831717 22.074247360
-0.036563825 0.052941341 -0.997928023 -15.073866844 0.036001742 0.998017251 0.051626980 0.244343579 0.998682559 -0.034039475 -0.038397308 22.064323425
-0.030987475 0.053123642 -0.998107135 -15.897555351 0.036410134 0.997983873 0.051986676 0.282447636 0.998856366 -0.034730282 -0.032859240 22.041458130
-0.025769992 0.051976737 -0.998315692 -16.750530243 0.034701709 0.998092175 0.051069308 0.308924139 0.999065399 -0.033327200 -0.027524503 22.012454987
-0.022876231 0.045240469 -0.998714209 -17.616323471 0.038338222 0.998280525 0.044342659 0.350112736 0.999002874 -0.037274528 -0.024571337 22.004449844
-0.020522464 0.034562871 -0.999191821 -18.503889084 0.036015853 0.998779178 0.033808857 0.385957241 0.999140501 -0.035292897 -0.021742217 21.979965210
-0.019855365 0.026321471 -0.999456346 -19.399654388 0.028182812 0.999270856 0.025756707 0.410954595 0.999405563 -0.027656078 -0.020582704 21.943353653
-0.021087274 0.023341466 -0.999505162 -20.318042755 0.022556864 0.999483943 0.022865072 0.437104225 0.999523163 -0.022063538 -0.021602904 21.910610199
-0.024692994 0.029691458 -0.999254048 -21.279720306 0.013425104 0.999478519 0.029366378 0.451989233 0.999604881 -0.012689944 -0.025078727 21.872062683
-0.029697297 0.037906226 -0.998839915 -22.244653702 0.008887058 0.999251127 0.037657604 0.476424634 0.999519408 -0.007758419 -0.030011933 21.825828552
-0.034105428 0.047386590 -0.998294175 -23.216459274 0.007302071 0.998860538 0.047164008 0.511195779 0.999391556 -0.005681066 -0.034412585 21.777021408
-0.036041267 0.057452060 -0.997697473 -24.261423111 0.006132341 0.998339951 0.057267535 0.551314712 0.999331415 -0.004054228 -0.036333755 21.744226456
-0.036992703 0.065504700 -0.997166276 -25.280664444 0.008063924 0.997836351 0.065249562 0.595540643 0.999282956 -0.005627315 -0.037440896 21.704296112
-0.038430426 0.066182896 -0.997067213 -26.308074951 0.008930461 0.997787058 0.065886475 0.650744915 0.999221385 -0.006372223 -0.038936432 21.660137177
-0.040099427 0.063205399 -0.997194648 -27.308811188 0.007569923 0.997987866 0.062951289 0.703937232 0.999167025 -0.005024376 -0.040497202 21.612426758
-0.042601503 0.058356311 -0.997386456 -28.327432632 0.007073927 0.998285294 0.058106758 0.751462340 0.999067068 -0.004580003 -0.042941261 21.558671951
-0.047165781 0.053036164 -0.997478187 -29.359491348 0.007091960 0.998582125 0.052759513 0.798389018 0.998861909 -0.004585632 -0.047475036 21.502162933
-0.052725218 0.048550818 -0.997428060 -30.383123398 0.007180235 0.998809993 0.048238527 0.836795092 0.998583257 -0.004618381 -0.053011071 21.441202164
-0.059330098 0.046545517 -0.997152686 -31.404886246 0.006285700 0.998909950 0.046253551 0.877529263 0.998218656 -0.003523574 -0.059557997 21.363573074
-0.066234611 0.048977006 -0.996601284 -32.457649231 0.006751786 0.998793721 0.048636019 0.919987202 0.997781157 -0.003507452 -0.066485398 21.293956757
-0.072535798 0.053739667 -0.995916903 -33.525016785 0.005131154 0.998554289 0.053508248 0.961247027 0.997352540 -0.001228940 -0.072706677 21.207897186
-0.078452997 0.056503221 -0.995315313 -34.577224731 0.001766223 0.998398781 0.056539062 1.004996300 0.996916175 0.002677709 -0.078427181 21.107044220
-0.083511233 0.059014045 -0.994757891 -35.640872955 -0.000702522 0.998241186 0.059279669 1.048834085 0.996506572 0.005649358 -0.083322898 21.018201828
-0.086152904 0.060318433 -0.994454324 -36.715938568 -0.005585767 0.998120666 0.061024725 1.099658966 0.996266305 0.010812248 -0.085654080 20.912197113
-0.087674469 0.061530627 -0.994247019 -37.785243988 -0.009764937 0.997989416 0.062623329 1.152833939 0.996101320 0.015199227 -0.086897351 20.804697037
-0.089115903 0.060987901 -0.994152308 -38.858081818 -0.010552424 0.998009682 0.062170457 1.203088522 0.995965302 0.016031092 -0.088294975 20.694799423
-0.090508811 0.060178880 -0.994075775 -39.941303253 -0.011131323 0.998049080 0.061432905 1.254683971 0.995833457 0.016625598 -0.089662366 20.586755753
-0.091450021 0.059325822 -0.994040906 -41.030647278 -0.011957207 0.998086333 0.060667299 1.309898138 0.995737851 0.017433977 -0.090565637 20.482706070
-0.092256896 0.058284912 -0.994027913 -42.116779327 -0.014365532 0.998103559 0.059857164 1.364664793 0.995631576 0.019801976 -0.091244638 20.369983673
-0.092834093 0.055912916 -0.994110465 -43.191604614 -0.018805474 0.998145521 0.057895985 1.408611655 0.995504022 0.024069441 -0.091610454 20.257341385
-0.093558215 0.051119372 -0.994300604 -44.279514313 -0.023818221 0.998280227 0.053565137 1.450582027 0.995328844 0.028693926 -0.092179745 20.154804230
-0.092474073 0.050545871 -0.994431376 -45.382026672 -0.025754314 0.998255134 0.053135172 1.500688076 0.995381892 0.030524524 -0.091010943 20.039167404
-0.091240406 0.054878004 -0.994315565 -46.501533508 -0.026024947 0.998007894 0.057469893 1.541846752 0.995488882 0.031120582 -0.089630440 19.939662933
-0.089181162 0.058136802 -0.994317234 -47.606925964 -0.026392112 0.997806549 0.060707960 1.588339567 0.995665789 0.031656135 -0.087451205 19.830640793
-0.087405510 0.057810310 -0.994493961 -48.714866638 -0.024415890 0.997890413 0.060153659 1.642508030 0.995873630 0.029539216 -0.085809641 19.724411011
-0.085343398 0.056645613 -0.994740009 -49.839771271 -0.024381742 0.997964859 0.058921076 1.699341774 0.996053159 0.029282019 -0.083788596 19.636451721
-0.081060000 0.057034120 -0.995076001 -50.961322784 -0.028991645 0.997804165 0.059552170 1.754858136 0.996287405 0.033676192 -0.079228491 19.529071808
-0.075338744 0.058107983 -0.995463490 -52.089038849 -0.033719171 0.997581244 0.060783543 1.802282214 0.996587753 0.038145553 -0.073197164 19.430654526
-0.069466293 0.057418417 -0.995930552 -53.211826324 -0.037547477 0.997484207 0.060126949 1.858536005 0.996877372 0.041571472 -0.067135647 19.342302322
-0.063284814 0.056205086 -0.996411562 -54.346088409 -0.039394461 0.997494102 0.058768190 1.919849753 0.997217715 0.042972233 -0.060912047 19.253122330
-0.057871342 0.055699173 -0.996768951 -55.481582642 -0.038420148 0.997578442 0.057975043 1.969565630 0.997584462 0.041651107 -0.055591244 19.185934067
-0.052699778 0.055435654 -0.997070491 -56.618919373 -0.037003607 0.997663736 0.057424460 2.018089771 0.997924626 0.039921459 -0.050525337 19.125133514
-0.046884742 0.055769257 -0.997342288 -57.768848419 -0.036199406 0.997689545 0.057490397 2.075458288 0.998244286 0.038798615 -0.044757593 19.062446594
-0.040999725 0.057262886 -0.997516990 -58.917232513 -0.035236351 0.997652531 0.058718942 2.131968021 0.998537660 0.037556313 -0.038885742 19.004043579
-0.034976497 0.058631450 -0.997666776 -60.054203033 -0.035844959 0.997561634 0.059881933 2.178680897 0.998745143 0.037855785 -0.032789573 18.951684952
-0.030343777 0.057844542 -0.997864306 -61.208641052 -0.035617903 0.997627378 0.058913913 2.228406906 0.998904645 0.037329506 -0.028211484 18.926656723
-0.025445206 0.053514890 -0.998242795 -62.350757599 -0.035945211 0.997871339 0.054411225 2.275167465 0.999029756 0.037266556 -0.023467436 18.890310287
-0.020765398 0.047729947 -0.998644352 -63.514938354 -0.035977200 0.998177171 0.048455708 2.326341152 0.999136865 0.036934622 -0.019010358 18.861656189
-0.017468719 0.047522273 -0.998717368 -64.698005676 -0.035164081 0.998222709 0.048113789 2.365867138 0.999228895 0.035959475 -0.015766593 18.840694427
-0.013659883 0.050052270 -0.998653114 -65.866966248 -0.034734759 0.998119831 0.050500646 2.406766653 0.999303162 0.035377815 -0.011895646 18.813758850
-0.011877362 0.049851913 -0.998685956 -67.031059265 -0.034745116 0.998132765 0.050237518 2.444287777 0.999325573 0.035296153 -0.010123075 18.797195435
-0.010496157 0.049183179 -0.998734713 -68.204978943 -0.036710970 0.998097360 0.049537614 2.495890141 0.999270856 0.037184473 -0.008670624 18.772462845
-0.009799028 0.050405886 -0.998680770 -69.369987488 -0.037994582 0.997988820 0.050743762 2.531947613 0.999229908 0.038441703 -0.007864171 18.762397766
-0.009041960 0.050271153 -0.998694777 -70.546424866 -0.038290184 0.997985601 0.050582141 2.570639849 0.999225736 0.038697567 -0.007098855 18.746934891
-0.007777168 0.047791850 -0.998826981 -71.718360901 -0.038924765 0.998085737 0.048059456 2.617901087 0.999211848 0.039252881 -0.005901994 18.729290009
-0.007039053 0.046245817 -0.998905241 -72.893020630 -0.037109233 0.998229802 0.046476040 2.662518501 0.999286413 0.037395764 -0.005310446 18.719350815
-0.006915586 0.046583228 -0.998890579 -74.091651917 -0.033638276 0.998338163 0.046790369 2.693964720 0.999410093 0.033924550 -0.005337114 18.711881638
-0.006562594 0.047047749 -0.998871088 -75.277900696 -0.031624366 0.998383164 0.047232546 2.737469673 0.999478221 0.031898633 -0.005064128 18.701307297
-0.006856525 0.050325561 -0.998709261 -76.473709106 -0.030665059 0.998252451 0.050513078 2.769849062 0.999506116 0.030971818 -0.005301307 18.697099686
-0.005810692 0.054019198 -0.998522997 -77.653968811 -0.033116680 0.997981668 0.054182641 2.810919762 0.999434590 0.033382598 -0.004010028 18.671779633
-0.005734443 0.054051571 -0.998521686 -78.847671509 -0.035307970 0.997904480 0.054220945 2.853686571 0.999359965 0.035566691 -0.003813975 18.664550781
-0.005133496 0.051720016 -0.998648465 -80.024192810 -0.036596727 0.997982860 0.051873665 2.899743080 0.999316931 0.036813553 -0.003230358 18.650150299
-0.004501326 0.049308378 -0.998773456 -81.209442139 -0.036464423 0.998111188 0.049440030 2.942024231 0.999324739 0.036642246 -0.002694822 18.628488541
-0.005622501 0.048862189 -0.998789728 -82.400085449 -0.033983722 0.998219132 0.049025595 2.981198072 0.999406576 0.034218244 -0.003951969 18.637643814
-0.005539841 0.050121304 -0.998727739 -83.576049805 -0.032702018 0.998199880 0.050276201 3.024772644 0.999449790 0.032938946 -0.003890800 18.630933762
-0.004596108 0.052636858 -0.998603165 -84.757202148 -0.031280015 0.998117447 0.052755214 3.070040941 0.999500096 0.031478785 -0.002940974 18.611061096
-0.004438041 0.055530258 -0.998447061 -85.919006348 -0.032294542 0.997928202 0.055644944 3.101000309 0.999468684 0.032491341 -0.002635523 18.603399277
-0.004071423 0.055874161 -0.998429477 -87.083068848 -0.033730209 0.997862041 0.055979937 3.144093752 0.999422669 0.033905152 -0.002178072 18.589431763
-0.004228993 0.053573962 -0.998554945 -88.258575439 -0.033342566 0.998001158 0.053685457 3.188678741 0.999435067 0.033521418 -0.002434247 18.581678391
-0.003638801 0.052346427 -0.998622358 -89.423255920 -0.032519996 0.998094559 0.052437261 3.229569674 0.999464452 0.032665998 -0.001929562 18.573625565
-0.003721414 0.053554427 -0.998558044 -90.585151672 -0.030939419 0.998080730 0.053644139 3.269673586 0.999514341 0.031094436 -0.002057329 18.566843033
-0.002932041 0.055942066 -0.998429656 -91.759338379 -0.028873013 0.998013020 0.056003511 3.323123217 0.999578834 0.028991876 -0.001310999 18.549907684
-0.003367225 0.058513597 -0.998280942 -92.916313171 -0.026946202 0.997918904 0.058583245 3.366741180 0.999631226 0.027097151 -0.001783498 18.558897018
-0.003103435 0.060291514 -0.998176038 -94.085365295 -0.027561922 0.997796416 0.060354281 3.414891243 0.999615252 0.027698955 -0.001434846 18.550636292
-0.002492682 0.062037919 -0.998070657 -95.248504639 -0.030451419 0.997606158 0.062085107 3.468502998 0.999533176 0.030547425 -0.000597572 18.533435822
-0.001919467 0.061830070 -0.998084843 -96.409729004 -0.032503501 0.997555435 0.061859794 3.509978056 0.999469757 0.032559980 0.000094919 18.522825241
-0.001897444 0.057307493 -0.998354673 -97.563560486 -0.034815699 0.997747540 0.057338804 3.566170692 0.999391973 0.034867212 0.000102030 18.509723663
-0.001364462 0.055771146 -0.998442650 -98.720909119 -0.036270335 0.997783780 0.055783913 3.613891125 0.999341071 0.036289953 0.000661400 18.495552063
-0.001309030 0.054198246 -0.998529315 -99.891609192 -0.035826441 0.997886598 0.054210335 3.653659105 0.999357164 0.035844706 0.000635466 18.496387482
-0.001094696 0.054781064 -0.998497784 -101.062156677 -0.034604531 0.997898281 0.054786112 3.698897839 0.999400437 0.034612522 0.000803278 18.496025085
-0.001357664 0.056759339 -0.998386979 -102.205482483 -0.034657318 0.997785449 0.056772269 3.744163752 0.999398351 0.034678493 0.000612469 18.488454819
-0.001381134 0.058802053 -0.998268723 -103.374710083 -0.033364277 0.997711182 0.058815368 3.792690277 0.999442279 0.033387747 0.000583915 18.486833572
-0.001994040 0.057670739 -0.998333693 -104.526756287 -0.037421864 0.997632086 0.057704963 3.843020916 0.999297559 0.037474569 0.000168829 18.475963593
-0.002101032 0.059091702 -0.998250365 -105.694206238 -0.041006662 0.997407854 0.059128139 3.893745422 0.999156654 0.041059140 0.000327568 18.463212967
-0.002284140 0.058309123 -0.998296082 -106.864265442 -0.044487119 0.997304201 0.058352992 3.945828438 0.999007344 0.044544604 0.000316022 18.445528030
-0.002628217 0.054083683 -0.998533010 -108.038848877 -0.045373425 0.997501433 0.054147243 4.000869274 0.998966634 0.045449175 -0.000167689 18.440382004
-0.003061840 0.050545614 -0.998717189 -109.221702576 -0.045197733 0.997694016 0.050632413 4.039938450 0.998973310 0.045294773 -0.000770232 18.426708221
-0.004153868 0.049715154 -0.998754799 -110.420684814 -0.041777205 0.997882783 0.049845509 4.084625244 0.999118268 0.041932236 -0.002068113 18.420131683
-0.004460538 0.048972551 -0.998790264 -111.609031677 -0.037212733 0.998100162 0.049104907 4.128566742 0.999297440 0.037386753 -0.002629661 18.418792725
-0.004456675 0.050751030 -0.998701394 -112.815338135 -0.036485616 0.998038113 0.050880130 4.175786018 0.999324322 0.036664993 -0.002596249 18.403347015
-0.005610678 0.054887399 -0.998476744 -114.045829773 -0.035874657 0.997838676 0.055053912 4.214007378 0.999340594 0.036128905 -0.003629486 18.396806717
-0.006128842 0.054769456 -0.998480141 -115.277328491 -0.033843249 0.997915566 0.054946214 4.277711868 0.999408364 0.034128562 -0.004262490 18.389156342
-0.007206433 0.050385527 -0.998703778 -116.498123169 -0.033530802 0.998155951 0.050599832 4.326406479 0.999411762 0.033851989 -0.005503677 18.380201340
-0.007595242 0.046596479 -0.998884916 -117.731193542 -0.034074228 0.998321593 0.046829283 4.369493484 0.999390423 0.034391910 -0.005994755 18.358171463
-0.008139403 0.045218043 -0.998943985 -118.993865967 -0.033042934 0.998419344 0.045463540 4.415381432 0.999420762 0.033378076 -0.006632400 18.347146988
-0.008949799 0.046134401 -0.998895168 -120.234718323 -0.034991585 0.998308957 0.046420846 4.462944984 0.999347508 0.035368372 -0.007320350 18.329273224
-0.009369807 0.051330399 -0.998637676 -121.505935669 -0.039972872 0.997864127 0.051665682 4.503044128 0.999156773 0.040402513 -0.007297973 18.306217194
-0.009311412 0.054536641 -0.998468280 -122.763252258 -0.045639802 0.997447908 0.054906514 4.550654888 0.998914480 0.046081152 -0.006798607 18.267993927
-0.009493345 0.054182794 -0.998485923 -124.026046753 -0.052764028 0.997112691 0.054609939 4.605355263 0.998561800 0.053202569 -0.006607033 18.240184784
-0.008841048 0.051908158 -0.998612761 -125.282234192 -0.056300785 0.997041821 0.052324947 4.659132957 0.998374641 0.056685284 -0.005892425 18.207176208
-0.009642714 0.050639812 -0.998670459 -126.535697937 -0.058654066 0.996968627 0.051119857 4.707502842 0.998231769 0.059069015 -0.006643251 18.192544937
-0.010551675 0.049709409 -0.998707950 -127.795631409 -0.058588937 0.997016966 0.050244257 4.751258373 0.998226345 0.059043396 -0.007607776 18.175172806
-0.010559689 0.049555264 -0.998715580 -129.087066650 -0.056789402 0.997129500 0.050077017 4.788885117 0.998330295 0.057245262 -0.007715164 18.153257370
-0.011245074 0.050286066 -0.998671591 -130.338256836 -0.056491867 0.997107625 0.050843418 4.832309246 0.998339713 0.056988567 -0.008371795 18.138769150
-0.011891922 0.055220909 -0.998403370 -131.605987549 -0.056812331 0.996823728 0.055810224 4.877646446 0.998314023 0.057385311 -0.008716920 18.119276047
-0.012279407 0.059283078 -0.998165667 -132.885009766 -0.056046098 0.996630788 0.059881397 4.930754662 0.998352647 0.056678597 -0.008915451 18.096971512
-0.012131682 0.058227122 -0.998229682 -134.138000488 -0.056017529 0.996695757 0.058818445 4.979238510 0.998356104 0.056631923 -0.008829858 18.065675735
-0.011587675 0.056594487 -0.998329937 -135.400878906 -0.055748414 0.996807694 0.057155255 5.032362938 0.998377621 0.056317609 -0.008395631 18.058092117
-0.010070002 0.055874430 -0.998386979 -136.651046753 -0.054635145 0.996915460 0.056343142 5.085332870 0.998455644 0.055114392 -0.006986233 18.035081863
-0.009522282 0.055077530 -0.998436689 -137.902496338 -0.055140447 0.996933699 0.055520508 5.131931305 0.998433232 0.055582922 -0.006456085 18.021703720
-0.008692819 0.057413902 -0.998312593 -139.159576416 -0.055014726 0.996810794 0.057806563 5.178377628 0.998447716 0.055424407 -0.005506485 18.009586334
-0.008047473 0.060672138 -0.998125255 -140.406707764 -0.055977572 0.996565104 0.061028615 5.237817764 0.998399675 0.056363758 -0.004623552 17.992824554
-0.006830395 0.061872922 -0.998060584 -141.656799316 -0.057698496 0.996396780 0.062164634 5.290310860 0.998310685 0.058011215 -0.003235808 17.974672318
-0.005265536 0.059314020 -0.998225510 -142.920394897 -0.059765849 0.996436119 0.059522964 5.341107845 0.998198509 0.059973210 -0.001701817 17.955858231
-0.005219179 0.056352306 -0.998397350 -144.163681030 -0.058363874 0.996691704 0.056561150 5.393697262 0.998281717 0.058565527 -0.001912973 17.945127487
-0.005253865 0.055044081 -0.998470068 -145.395568848 -0.055193901 0.996945858 0.055250473 5.432906628 0.998461843 0.055399746 -0.002199721 17.941223145
-0.005739846 0.054292820 -0.998508513 -146.630310059 -0.053350363 0.997086287 0.054522168 5.481892586 0.998559296 0.053583749 -0.002826580 17.933710098
-0.005942096 0.055214584 -0.998456836 -147.856765747 -0.051360007 0.997139752 0.055447411 5.517056942 0.998662531 0.051610220 -0.003089278 17.927793503
-0.005956732 0.053278439 -0.998561919 -149.104064941 -0.049806725 0.997324347 0.053509526 5.581377506 0.998741031 0.050053835 -0.003287170 17.918230057
-0.005739348 0.053151667 -0.998569965 -150.346725464 -0.048937690 0.997374952 0.053369328 5.631751537 0.998785257 0.049174007 -0.003123161 17.905136108
-0.006298967 0.056021567 -0.998409688 -151.574539185 -0.046998687 0.997309446 0.056256350 5.679388046 0.998875082 0.047278300 -0.003649080 17.899930954
-0.006317816 0.057255074 -0.998339534 -152.795333862 -0.044394828 0.997359097 0.057479791 5.729334354 0.998994112 0.044684265 -0.003759302 17.894409180
-0.006126706 0.055784065 -0.998424053 -154.022644043 -0.042364668 0.997531891 0.055994183 5.778271675 0.999083459 0.042640965 -0.003748311 17.877923965
-0.007238574 0.056178723 -0.998394489 -155.257736206 -0.042856622 0.997485876 0.056438308 5.826895714 0.999054968 0.043196350 -0.004812744 17.872100830
-0.007095624 0.060717773 -0.998129725 -156.487991333 -0.043712877 0.997181892 0.060970869 5.882598877 0.999018967 0.044063747 -0.004421479 17.858098984
-0.006638255 0.067594387 -0.997690856 -157.718505859 -0.048696633 0.996507227 0.067838207 5.932192802 0.998791516 0.049034502 -0.003323451 17.843591690
-0.005416433 0.067731760 -0.997688830 -158.962234497 -0.053115249 0.996275604 0.067924172 5.990507603 0.998573720 0.053360406 -0.001798671 17.822238922
-0.004201737 0.063787654 -0.997954667 -160.190551758 -0.057060502 0.996322095 0.063923568 6.052577972 0.998361945 0.057212386 -0.000546528 17.800861359
-0.002217348 0.058791924 -0.998267770 -161.404022217 -0.058992375 0.996523976 0.058820259 6.098374367 0.998256087 0.059020612 0.001258635 17.786794662
-0.001731226 0.057356920 -0.998352230 -162.627624512 -0.061588340 0.996452332 0.057354577 6.150778294 0.998100162 0.061586153 0.001807434 17.777622223
-0.000324357 0.054202568 -0.998529911 -163.830734253 -0.056668267 0.996924341 0.054133821 6.191415310 0.998392940 0.056602515 0.002748206 17.785928726
-0.000051397 0.049404297 -0.998778820 -165.046478271 -0.053622145 0.997341752 0.049335975 6.243266106 0.998561263 0.053559195 0.002597905 17.779815674
-0.000449846 0.045960955 -0.998943269 -166.276611328 -0.047404911 0.997819185 0.045930602 6.283621788 0.998875618 0.047375478 0.001729910 17.783962250
-0.001687435 0.048951734 -0.998799741 -167.503509521 -0.045329712 0.997770667 0.048977885 6.326913834 0.998970687 0.045357950 0.000535295 17.783021927
-0.000867692 0.055543579 -0.998455882 -168.734573364 -0.045931105 0.997400284 0.055524763 6.368369102 0.998944223 0.045908365 0.001685741 17.773967743
0.000772786 0.058731250 -0.998273551 -169.941482544 -0.047349188 0.997156322 0.058628868 6.415802002 0.998878062 0.047222137 0.003551466 17.773279190
0.002208187 0.055035178 -0.998481989 -171.154571533 -0.048086461 0.997335196 0.054865614 6.469632626 0.998840690 0.047892310 0.004848749 17.771228790
0.002919650 0.055364259 -0.998461962 -172.374710083 -0.050515264 0.997199595 0.055146553 6.519850254 0.998719037 0.050276563 0.005708214 17.769891739
0.004205492 0.056696191 -0.998382568 -173.584136963 -0.049270704 0.997190535 0.056420956 6.563580513 0.998776615 0.048953738 0.006987139 17.767717361
0.004441977 0.054080289 -0.998526692 -174.787536621 -0.049178243 0.997340143 0.053797260 6.618049622 0.998780191 0.048866827 0.007089735 17.774475098
0.006799591 0.052888393 -0.998577297 -175.984451294 -0.049522229 0.997392833 0.052488446 6.658695221 0.998749793 0.049094882 0.009401015 17.768444061
0.007903883 0.054511044 -0.998481929 -177.146759033 -0.050688069 0.997251272 0.054042619 6.702205658 0.998683214 0.050183970 0.010645217 17.782405853
0.009632121 0.056804005 -0.998338878 -178.264572144 -0.050791297 0.997124255 0.056244850 6.730751038 0.998662949 0.050165154 0.012489571 17.777126312
0.009956055 0.058221266 -0.998254061 -179.354858398 -0.051704317 0.996998072 0.057632346 6.765856266 0.998612821 0.051040251 0.012936459 17.783929825
0.010397499 0.059717771 -0.998161077 -180.435455322 -0.051958520 0.996898830 0.059101015 6.795464039 0.998595119 0.051248476 0.013468102 17.782611847
0.010056901 0.060476881 -0.998118937 -181.487030029 -0.051354956 0.996883392 0.059884574 6.835564137 0.998629808 0.050656103 0.013131345 17.793790817
0.010915557 0.059670869 -0.998158336 -182.510803223 -0.051795874 0.996911705 0.059029900 6.872963905 0.998598039 0.051056143 0.013972550 17.793352127
0.012324481 0.059811011 -0.998133600 -183.485046387 -0.052558288 0.996868372 0.059086218 6.904558659 0.998541892 0.051731989 0.015429450 17.802614212
0.013586709 0.060455013 -0.998078465 -184.454772949 -0.053322051 0.996794045 0.059651349 6.939340591 0.998485029 0.052409116 0.016766734 17.815261841
0.013230584 0.058943886 -0.998173594 -185.390396118 -0.051945627 0.996953487 0.058183312 6.969281197 0.998562217 0.051080953 0.016252154 17.821710587
0.009778397 0.055813000 -0.998393476 -186.327301025 -0.049443945 0.997246742 0.055264648 7.001897812 0.998729169 0.048824098 0.012511089 17.833909988
0.004863091 0.052188121 -0.998625457 -187.251464844 -0.049354538 0.997432768 0.051885437 7.033010483 0.998769462 0.049034376 0.007426325 17.832487106
-0.000055172 0.049277868 -0.998785138 -188.177139282 -0.050872322 0.997491658 0.049216866 7.063548088 0.998705149 0.050813232 0.002451847 17.825504303
-0.003835892 0.048447207 -0.998818398 -189.108947754 -0.052970234 0.997413576 0.048582498 7.097163200 0.998588741 0.053094000 -0.001259711 17.815732956
-0.006417016 0.049418960 -0.998757541 -190.022506714 -0.054677714 0.997266531 0.049696498 7.121697426 0.998483479 0.054928672 -0.003697360 17.794946671
-0.008286116 0.050922193 -0.998668194 -190.954132080 -0.053535227 0.997247636 0.051293958 7.155860901 0.998531580 0.053888962 -0.005537178 17.779901505
-0.010781723 0.052577157 -0.998558700 -191.865524292 -0.050512999 0.997313023 0.053056985 7.182948589 0.998665273 0.051012240 -0.008096923 17.786434174
-0.011623330 0.053113349 -0.998520851 -192.786834717 -0.048631605 0.997376502 0.053618576 7.211022377 0.998749077 0.049182903 -0.009009851 17.769119263
-0.012688366 0.051359780 -0.998599589 -193.697982788 -0.049301364 0.997433126 0.051926214 7.253875732 0.998703361 0.049891185 -0.010123690 17.754188538
-0.013069094 0.050682992 -0.998629272 -194.605331421 -0.051367946 0.997361898 0.051290914 7.279247284 0.998594224 0.051967859 -0.010431135 17.728302002
-0.012879072 0.050040234 -0.998664141 -195.496154785 -0.054650687 0.997219026 0.050672602 7.309664726 0.998422384 0.055230297 -0.010108523 17.705280304
-0.011883393 0.048535906 -0.998750746 -196.420135498 -0.057428323 0.997139454 0.049140900 7.336992264 0.998278856 0.057940532 -0.009062067 17.679517746
-0.011125349 0.046368983 -0.998862565 -197.321273804 -0.056435786 0.997302890 0.046925168 7.358519554 0.998344243 0.056893650 -0.008478474 17.669620514
-0.010080658 0.043494239 -0.999002814 -198.234451294 -0.056381352 0.997439504 0.043995101 7.390586376 0.998358428 0.056768626 -0.007602582 17.649139404
-0.009495862 0.043295104 -0.999017179 -199.151367188 -0.056744643 0.997428894 0.043765642 7.419154644 0.998343527 0.057104468 -0.007014683 17.635248184
-0.009290636 0.045795288 -0.998907626 -200.084884644 -0.054004092 0.997469902 0.046231650 7.447334290 0.998497486 0.054374609 -0.006793994 17.629634857
-0.009559682 0.046943489 -0.998851717 -201.034027100 -0.053044617 0.997467220 0.047386084 7.479479313 0.998546362 0.053436715 -0.007045369 17.628475189
-0.008648776 0.043385446 -0.999020815 -201.974731445 -0.048076082 0.997884989 0.043752313 7.506602764 0.998806179 0.048407421 -0.006544680 17.620998383
-0.008638858 0.040239684 -0.999152601 -202.915832520 -0.046482611 0.998093784 0.040598933 7.534494400 0.998881757 0.046793949 -0.006751943 17.614305496
-0.007983088 0.040887170 -0.999131799 -203.866470337 -0.051423419 0.997824967 0.041244555 7.565398216 0.998645008 0.051708043 -0.005863166 17.593881607
-0.005915750 0.044457763 -0.998993874 -204.821548462 -0.052671552 0.997610509 0.044708118 7.597277641 0.998594344 0.052883029 -0.003559955 17.575109482
-0.003956995 0.043885827 -0.999028742 -205.787094116 -0.050294265 0.997763395 0.044029456 7.629159451 0.998726666 0.050419640 -0.001740939 17.569999695
-0.002258244 0.045032863 -0.998982906 -206.762802124 -0.048994917 0.997780740 0.045089427 7.667464256 0.998796403 0.049046911 -0.000046851 17.575218201
-0.000798760 0.049507324 -0.998773515 -207.747131348 -0.050236993 0.997510493 0.049484901 7.705773830 0.998737037 0.050214894 0.001690327 17.570610046
0.001254590 0.053755954 -0.998553276 -208.753952026 -0.047563955 0.997427166 0.053635571 7.738962650 0.998867393 0.047427844 0.003808209 17.567640305
0.002252623 0.054267153 -0.998523951 -209.745574951 -0.047099169 0.997424066 0.054101121 7.779239655 0.998887718 0.046907771 0.004802758 17.571144104
0.004008263 0.054535788 -0.998503804 -210.751464844 -0.050170049 0.997265399 0.054266747 7.827158928 0.998732567 0.049877465 0.006733365 17.575916290
0.007600454 0.057027377 -0.998343706 -211.780654907 -0.052687753 0.997008562 0.056550000 7.863265038 0.998582125 0.052170679 0.010582362 17.563634872
0.011031697 0.057485413 -0.998285413 -212.807601929 -0.053861678 0.996930957 0.056812216 7.906563759 0.998487532 0.053142596 0.014094099 17.572616577
0.013871605 0.054491952 -0.998417854 -213.831344604 -0.056746226 0.996947527 0.053623300 7.953272820 0.998292208 0.055912603 0.016921477 17.578317642
