1.000000000 -0.000000000 0.000000000 0.000000000 -0.000000000 0.999999940 -0.000000000 -0.000000060 0.000000000 -0.000000000 1.000000000 0.000000000
0.999991298 -0.002485396 -0.003357791 -0.002917851 0.002477994 0.999994457 -0.002206736 -0.005232790 0.003363257 0.002198396 0.999991953 0.666444063
0.999971211 -0.001504330 -0.007441641 -0.010974364 0.001477826 0.999992549 -0.003565781 -0.009269139 0.007446948 0.003554681 0.999965966 1.367042661
0.999936819 -0.001180170 -0.011182008 -0.027878523 0.001125066 0.999987125 -0.004932963 -0.012984481 0.011187688 0.004920070 0.999925315 2.067362785
0.999870241 0.000042746 -0.016108515 -0.047070682 -0.000134001 0.999983847 -0.005664038 -0.015164549 0.016108014 0.005665461 0.999854207 2.797808647
0.999791682 -0.000927636 -0.020391570 -0.062447283 0.000812933 0.999983788 -0.005632577 -0.030333349 0.020396469 0.005614827 0.999776244 3.531412125
0.999689817 0.000789616 -0.024893466 -0.088646673 -0.000962207 0.999975622 -0.006921988 -0.034431107 0.024887390 0.006943794 0.999666214 4.285740376
0.999559879 0.003633358 -0.029445877 -0.122983083 -0.003860003 0.999963343 -0.007643804 -0.043860815 0.029417023 0.007754100 0.999537170 5.045129299
0.999416053 0.003792128 -0.033958379 -0.148075923 -0.003997094 0.999974191 -0.005969957 -0.050237030 0.033934869 0.006102206 0.999405384 5.840388775
0.999250293 0.003128564 -0.038588453 -0.180912822 -0.003264751 0.999988616 -0.003466705 -0.055392750 0.038577180 0.003590088 0.999249160 6.641082287
0.999126494 0.002775302 -0.041695468 -0.224104986 -0.002806890 0.999995768 -0.000699057 -0.063686907 0.041693363 0.000815481 0.999130070 7.446436405
0.999006927 0.004115755 -0.044364620 -0.264662683 -0.004189715 0.999989867 -0.001574247 -0.070463307 0.044357695 0.001758559 0.999014080 8.265518188
0.998915911 0.003600957 -0.046411183 -0.310687989 -0.003687864 0.999991596 -0.001787057 -0.075815916 0.046404358 0.001956278 0.998920858 9.086257935
0.998851597 0.001059468 -0.047899533 -0.355288416 -0.001175497 0.999996364 -0.002394235 -0.082865372 0.047896829 0.002447791 0.998849273 9.913507462
0.998727500 0.000610825 -0.050428841 -0.391123891 -0.000691577 0.999998510 -0.001583884 -0.089774065 0.050427791 0.001616744 0.998726487 10.763454437
0.998645127 -0.001004078 -0.052028842 -0.436705172 0.000908304 0.999997854 -0.001864395 -0.097709425 0.052030601 0.001814611 0.998643816 11.615831375
0.998550534 0.001129076 -0.053812120 -0.489403188 -0.001345672 0.999991119 -0.003988971 -0.109250218 0.053807143 0.004055602 0.998543084 12.474635124
0.998483062 0.001810144 -0.055032138 -0.541799664 -0.002195104 0.999973536 -0.006935530 -0.116444387 0.055018131 0.007045811 0.998460472 13.337197304
0.998389542 0.005601095 -0.056452591 -0.603571296 -0.006083094 0.999946415 -0.008369897 -0.130876482 0.056402687 0.008699824 0.998370111 14.211792946
0.998311818 0.006820673 -0.057680123 -0.656684756 -0.007292755 0.999941587 -0.007977943 -0.143107250 0.057622336 0.008385124 0.998303175 15.095326424
0.998227000 0.005843969 -0.059234455 -0.711503208 -0.006243306 0.999958992 -0.006558776 -0.155484647 0.059193697 0.006916968 0.998222530 15.988785744
0.998167157 0.006809846 -0.060131986 -0.775926232 -0.007119828 0.999962449 -0.004942267 -0.168837368 0.060096074 0.005361339 0.998178184 16.885522842
0.998105764 0.006384483 -0.061189789 -0.829291940 -0.006696509 0.999965549 -0.004895613 -0.185265645 0.061156422 0.005296097 0.998114109 17.779714584
0.998005331 0.006240809 -0.062821254 -0.890615106 -0.006618398 0.999961138 -0.005804237 -0.196259946 0.062782601 0.006208435 0.998007894 18.685222626
0.997943103 0.004772891 -0.063928649 -0.950304747 -0.005190070 0.999966204 -0.006361216 -0.212515488 0.063896142 0.006679925 0.997934103 19.605142593
0.997899771 0.005012610 -0.064583123 -1.008373857 -0.005323812 0.999974966 -0.004647451 -0.224944308 0.064558215 0.004981517 0.997901440 20.518058777
0.997888029 0.006199132 -0.064661682 -1.074828744 -0.006299982 0.999979258 -0.001355866 -0.233807132 0.064651936 0.001760370 0.997906268 21.439672470
0.997937381 0.007015924 -0.063809201 -1.136374116 -0.006851192 0.999972582 0.002800087 -0.250428170 0.063827075 -0.002357143 0.997958183 22.367376328
0.998050451 0.005545619 -0.062166050 -1.192450047 -0.005202929 0.999970496 0.005673046 -0.257651329 0.062195670 -0.005338539 0.998049676 23.298274994
0.998143733 0.005776079 -0.060629074 -1.254387379 -0.005405144 0.999965608 0.006280337 -0.259746045 0.060663275 -0.005940970 0.998140574 24.240606308
0.998233497 0.006212560 -0.059087422 -1.314882517 -0.006026509 0.999976337 0.003326435 -0.265370190 0.059106681 -0.002964468 0.998247206 25.172424316
0.998279870 0.006928668 -0.058217954 -1.370389819 -0.007007378 0.999974787 -0.001147945 -0.277818292 0.058208525 0.001553926 0.998303175 26.119506836
0.998378396 0.005952545 -0.056613985 -1.433900595 -0.006189673 0.999972761 -0.004014091 -0.285907716 0.056588542 0.004358003 0.998387992 27.065036774
0.998432219 0.003871982 -0.055841286 -1.490384936 -0.004035654 0.999987900 -0.002818574 -0.298621178 0.055829685 0.003039511 0.998435676 28.032073975
0.998412609 0.001829006 -0.056291725 -1.539105892 -0.001714058 0.999996305 0.002090235 -0.307769477 0.056295335 -0.001990431 0.998412192 28.995464325
0.998350799 -0.001952388 -0.057372753 -1.592035532 0.002253596 0.999983907 0.005185786 -0.313839257 0.057361703 -0.005306529 0.998339355 29.970359802
0.998259187 -0.009392621 -0.058227818 -1.646559238 0.009678598 0.999942362 0.004631269 -0.321504861 0.058180962 -0.005186771 0.998292565 30.943906784
0.998155475 -0.011490776 -0.059612539 -1.695710778 0.011564109 0.999932706 0.000885265 -0.328442484 0.059598356 -0.001572998 0.998221159 31.916385651
0.998065412 -0.011306607 -0.061135959 -1.758698106 0.011131413 0.999932945 -0.003205469 -0.333434761 0.061168101 0.002518738 0.998124242 32.895080566
0.997968376 -0.009951432 -0.062929220 -1.830584526 0.009714438 0.999944508 -0.004070901 -0.341377735 0.062966242 0.003451309 0.998009682 33.890800476
0.997915089 -0.009974672 -0.063764125 -1.886464119 0.009855577 0.999949157 -0.002182028 -0.362923265 0.063782632 0.001549046 0.997962594 34.850704193
0.997871041 -0.006968086 -0.064843826 -1.959416389 0.007022385 0.999975204 0.000609495 -0.376244277 0.064837970 -0.001063555 0.997895181 35.844081879
0.997764230 -0.007260577 -0.066438705 -2.022036552 0.007419435 0.999970138 0.002144597 -0.389855683 0.066421159 -0.002632739 0.997788191 36.832939148
0.997707665 -0.005947411 -0.067409985 -2.094478607 0.006280684 0.999969065 0.004733123 -0.398511082 0.067379743 -0.005145654 0.997714102 37.810691833
0.997728467 -0.006249288 -0.067073107 -2.159492970 0.006774534 0.999948084 0.007606369 -0.402424097 0.067022093 -0.008043480 0.997719049 38.801689148
0.997702360 -0.000449814 -0.067747667 -2.236358643 0.001107082 0.999952614 0.009664501 -0.402399868 0.067740113 -0.009717297 0.997655690 39.789455414
0.997694731 -0.000056777 -0.067860819 -2.314386845 0.000675995 0.999958277 0.009101902 -0.407439798 0.067857459 -0.009126792 0.997653425 40.790309906
0.997707307 -0.000338281 -0.067676723 -2.388168573 0.000852923 0.999970973 0.007575667 -0.410640091 0.067672178 -0.007616020 0.997678638 41.785400391
0.997694612 0.002291173 -0.067824267 -2.465894699 -0.001946228 0.999984801 0.005151509 -0.416407883 0.067835048 -0.005007632 0.997684002 42.784175873
0.997625649 0.001283315 -0.068857633 -2.525246382 -0.000930336 0.999986172 0.005158032 -0.418721199 0.068863310 -0.005081724 0.997613072 43.761318207
0.997548044 -0.000273102 -0.069984049 -2.597192526 0.000726922 0.999978840 0.006459224 -0.428785503 0.069980793 -0.006494259 0.997527182 44.744773865
0.997481763 0.000620029 -0.070921279 -2.666656971 -0.000093517 0.999972403 0.007426964 -0.438505113 0.070923917 -0.007401628 0.997454226 45.713462830
0.997453749 0.001853899 -0.071290605 -2.738106012 -0.001567590 0.999990523 0.004071810 -0.445632458 0.071297482 -0.003949689 0.997447252 46.697132111
0.997398913 0.002503357 -0.072034180 -2.817968369 -0.002521097 0.999996722 -0.000155347 -0.452132553 0.072033562 0.000336548 0.997402132 47.661083221
0.997381330 0.003703863 -0.072226830 -2.901364565 -0.003824483 0.999991477 -0.001531789 -0.458140075 0.072220542 0.001804010 0.997387052 48.615699768
0.997354150 0.001539486 -0.072679870 -2.966987371 -0.001364521 0.999995947 0.002456938 -0.477347612 0.072683364 -0.002351264 0.997352242 49.596992493
0.997337520 -0.000239269 -0.072924316 -3.037434101 0.000635641 0.999985099 0.005412227 -0.485953122 0.072921932 -0.005444170 0.997322798 50.568153381
0.997324765 -0.001766431 -0.073075533 -3.112663269 0.002217313 0.999978960 0.006089426 -0.498894989 0.073063239 -0.006235167 0.997307837 51.527164459
0.997287273 -0.005299008 -0.073416740 -3.174803495 0.005681234 0.999971390 0.004998409 -0.505928874 0.073388159 -0.005401947 0.997288823 52.478847504
0.997251570 -0.007953770 -0.073661081 -3.246103764 0.008261920 0.999958396 0.003879592 -0.516673684 0.073627174 -0.004477512 0.997275710 53.433586121
0.997170806 -0.009484123 -0.074568368 -3.320177555 0.009870879 0.999939680 0.004819772 -0.522074401 0.074518152 -0.005542192 0.997204304 54.389739990
0.997018337 -0.013189094 -0.076028973 -3.378487587 0.013925626 0.999861062 0.009165528 -0.532740355 0.075897500 -0.010196954 0.997063458 55.328067780
0.997001946 -0.013791411 -0.076136135 -3.458491325 0.014878238 0.999795079 0.013726072 -0.532254875 0.075931244 -0.014817696 0.997002959 56.271095276
0.996991515 -0.011862317 -0.076596715 -3.539248228 0.013125706 0.999785662 0.016011734 -0.532854736 0.076390341 -0.016968947 0.996933579 57.206310272
0.996837139 -0.011354368 -0.078655049 -3.608901024 0.012348244 0.999849796 0.012161047 -0.535335541 0.078505166 -0.013093840 0.996827662 58.165424347
0.996762514 -0.009452897 -0.079844587 -3.682805538 0.009856184 0.999940574 0.004658304 -0.545823693 0.079795793 -0.005430186 0.996796429 59.066295624
0.996718109 -0.007367446 -0.080614522 -3.764011145 0.007374493 0.999972820 -0.000210295 -0.553031862 0.080613881 -0.000384888 0.996745348 59.979206085
0.996672571 -0.002593391 -0.081467628 -3.847662449 0.002655263 0.999996305 0.000651163 -0.563543558 0.081465639 -0.000865315 0.996675789 60.878486633
0.996573627 -0.000018031 -0.082709461 -3.930707216 0.000272550 0.999995291 0.003065984 -0.577309430 0.082708992 -0.003078021 0.996568978 61.777629852
0.996488810 0.002523503 -0.083687648 -4.009971619 -0.002153103 0.999987602 0.004515951 -0.588789821 0.083697990 -0.004319905 0.996481776 62.663478851
0.996352732 0.003412990 -0.085262597 -4.081075668 -0.003036123 0.999985099 0.004549364 -0.603373647 0.085276850 -0.004273902 0.996348083 63.543266296
0.996253848 0.004573849 -0.086356364 -4.168820381 -0.004121364 0.999976754 0.005417316 -0.611518681 0.086379126 -0.005041115 0.996249497 64.391433716
0.996121585 0.005609951 -0.087809034 -4.247253418 -0.005096197 0.999968469 0.006073899 -0.622189760 0.087840319 -0.005602849 0.996118724 65.235504150
0.995998085 0.005148193 -0.089226022 -4.321652412 -0.004588327 0.999968469 0.006478662 -0.631542027 0.089256555 -0.006043337 0.995990276 66.053314209
0.995920300 0.005214526 -0.090086095 -4.398657799 -0.004567550 0.999962270 0.007386419 -0.637470067 0.090121225 -0.006944814 0.995906532 66.858718872
0.995750606 0.007895058 -0.091751978 -4.476967812 -0.006994199 0.999924123 0.010135823 -0.643590569 0.091825038 -0.009451021 0.995730221 67.661705017
0.995621026 0.009438735 -0.093003735 -4.553669930 -0.008129148 0.999862552 0.014449814 -0.649755359 0.093127348 -0.013630500 0.995560884 68.446121216
0.995420456 0.012013348 -0.094836086 -4.630582809 -0.010513797 0.999811888 0.016295895 -0.652547359 0.095014013 -0.015224181 0.995359540 69.216529846
0.995275021 0.015254909 -0.095890246 -4.719369888 -0.014169879 0.999827862 0.011986122 -0.659744918 0.096056573 -0.010570736 0.995319724 69.976951599
0.995124876 0.015121336 -0.097457349 -4.791410446 -0.014721593 0.999879956 0.004819558 -0.666764140 0.097518526 -0.003361334 0.995228052 70.700164795
0.994997382 0.014229638 -0.098881930 -4.863285065 -0.014394620 0.999895930 -0.000955219 -0.675848246 0.098858044 0.002373809 0.995098650 71.406120300
0.994965911 0.014700755 -0.099129565 -4.938253403 -0.015000784 0.999884903 -0.002281941 -0.678636670 0.099084608 0.003757475 0.995071888 72.092666626
0.994848728 0.017696517 -0.099815637 -5.020072460 -0.017647779 0.999843299 0.001371248 -0.691371620 0.099824294 0.000397340 0.995004952 72.777893066
0.994708657 0.018059956 -0.101136386 -5.091854095 -0.017779918 0.999835134 0.003669684 -0.707190216 0.101186000 -0.001852071 0.994865775 73.428306580
0.994659126 0.014748870 -0.102156147 -5.156489849 -0.014805374 0.999890387 0.000205092 -0.714855909 0.102147982 0.001308463 0.994768322 74.059669495
0.994748771 0.006663620 -0.102129906 -5.207628250 -0.007178421 0.999963343 -0.004673955 -0.733778179 0.102095015 0.005382543 0.994760096 74.675025940
0.994862258 0.002674612 -0.101202853 -5.260329247 -0.003675977 0.999946117 -0.009709436 -0.738529384 0.101171426 0.010031571 0.994818509 75.274688721
0.995146751 0.004878246 -0.098281756 -5.318185806 -0.005873262 0.999934375 -0.009837352 -0.751962543 0.098227307 0.010366841 0.995110095 75.858482361
0.995517313 0.009963154 -0.094053611 -5.382589340 -0.010650644 0.999920011 -0.006810396 -0.766146123 0.093978256 0.007781601 0.995543718 76.422256470
0.995967031 0.008573010 -0.089309879 -5.433267593 -0.008918887 0.999954224 -0.003474406 -0.778867602 0.089276016 0.004256938 0.995997727 76.977432251
0.996472776 0.004823593 -0.083777420 -5.467864990 -0.004810208 0.999988258 0.000361629 -0.782388508 0.083778188 0.000042634 0.996484339 77.526611328
0.997143328 0.000224339 -0.075532168 -5.500749588 0.000093491 0.999991119 0.004204346 -0.801545501 0.075532451 -0.004199397 0.997134387 78.060279846
0.997884691 0.003998718 -0.064886719 -5.528456211 -0.003752891 0.999985456 0.003910006 -0.808347702 0.064901412 -0.003658223 0.997884989 78.564201355
0.998719752 0.009162808 -0.049749076 -5.556077003 -0.009009627 0.999953985 0.003302451 -0.813387871 0.049777038 -0.002850003 0.998756349 79.067779541
0.999397218 0.014332697 -0.031620394 -5.569872856 -0.014216374 0.999891460 0.003900483 -0.818285644 0.031672858 -0.003448604 0.999492347 79.564735413
0.999873519 0.012834786 -0.009398270 -5.561405182 -0.012793090 0.999908149 0.004483356 -0.824141026 0.009454936 -0.004362556 0.999945879 80.044006348
0.999815524 0.009391367 0.016753308 -5.532665253 -0.009487605 0.999938905 0.005674348 -0.832987428 -0.016698996 -0.005832249 0.999843597 80.492752075
0.998904645 0.008143676 0.046077117 -5.486020088 -0.008482588 0.999938369 0.007164609 -0.839138925 -0.046015933 -0.007547614 0.998912215 80.950088501
0.996830583 0.007827646 0.079167448 -5.429571629 -0.008569620 0.999922514 0.009036793 -0.849465072 -0.079090573 -0.009686587 0.996820390 81.400848389
0.993158281 0.007694033 0.116521642 -5.352336884 -0.008811710 0.999919951 0.009079907 -0.847196400 -0.116442457 -0.010044539 0.993146658 81.840423584
0.987333596 0.007495011 0.158481017 -5.269784927 -0.009146265 0.999911189 0.009692444 -0.859837055 -0.158394307 -0.011019184 0.987314463 82.241989136
0.979026020 0.007196699 0.203608125 -5.154605865 -0.009378680 0.999908447 0.009753689 -0.865242839 -0.203519255 -0.011458691 0.979003906 82.658287048
0.967513502 0.009214127 0.252651393 -5.022783279 -0.011540879 0.999903560 0.007728897 -0.873638988 -0.252555847 -0.010393634 0.967526495 83.058486938
0.952010453 0.010396246 0.305889070 -4.869333267 -0.012482361 0.999910176 0.004864583 -0.878208518 -0.305811107 -0.008449352 0.952054739 83.445007324
0.932299614 0.011098852 0.361516684 -4.688028336 -0.012770029 0.999915898 0.002233850 -0.876320541 -0.361461550 -0.006699196 0.932362914 83.812561035
0.907885790 0.010611316 0.419083387 -4.501914978 -0.012298441 0.999923468 0.001324500 -0.891482532 -0.419037282 -0.006356569 0.907946765 84.147338867
0.878768861 0.011104614 0.477118611 -4.289623260 -0.012422939 0.999922752 -0.000391656 -0.900496840 -0.477086127 -0.005583039 0.878838778 84.462646484
0.845173240 0.010052801 0.534397960 -4.048500061 -0.010266410 0.999943972 -0.002573633 -0.904222131 -0.534393907 -0.003311182 0.845229149 84.766311646
0.808243692 0.009394294 0.588773310 -3.786975861 -0.009129849 0.999952435 -0.003421867 -0.915940404 -0.588777483 -0.002609710 0.808290899 85.053855896
0.768605351 0.008428901 0.639667571 -3.506538391 -0.008395569 0.999959946 -0.003088609 -0.918768466 -0.639667988 -0.002996452 0.768645525 85.318267822
0.726131797 0.008027313 0.687508583 -3.215625763 -0.009960648 0.999949694 -0.001155134 -0.922560930 -0.687483251 -0.006009251 0.726175368 85.560607910
0.681367218 0.007209810 0.731906235 -2.910552979 -0.008868746 0.999959350 -0.001593982 -0.922192037 -0.731888056 -0.005405003 0.681403399 85.777603149
0.635742366 0.005207282 0.771883845 -2.578594208 -0.005889832 0.999980867 -0.001895060 -0.939264655 -0.771878898 -0.003341496 0.635760903 85.974967957
0.590042293 0.001833228 0.807370245 -2.246585846 0.001006692 0.999994874 -0.003006315 -0.943319380 -0.807371795 0.002586626 0.590037465 86.137756348
0.543631017 0.003672346 0.839316249 -1.911392212 -0.001356390 0.999992847 -0.003496828 -0.954643607 -0.839323282 0.000762543 0.543632090 86.303527832
0.496967971 0.007027413 0.867740393 -1.572273254 -0.004682952 0.999974251 -0.005416316 -0.954761386 -0.867756307 -0.001371852 0.496988177 86.456710815
0.451718688 0.008448011 0.892120361 -1.233737946 -0.005423245 0.999962628 -0.006723211 -0.968632042 -0.892144144 -0.001801189 0.451747596 86.586883545
0.408957511 0.006578683 0.912529707 -0.879878998 0.001090527 0.999969721 -0.007697791 -0.971347272 -0.912552893 0.004143208 0.408937931 86.703659058
0.368137777 -0.001146928 0.929770470 -0.509349823 0.015229051 0.999872446 -0.004796461 -0.980585277 -0.929646432 0.015925279 0.368108392 86.816482544
0.332792610 -0.004461362 0.942989469 -0.142589569 0.019214567 0.999813199 -0.002050858 -0.981026828 -0.942804277 0.018801643 0.332816213 86.907600403
0.299494147 -0.000895644 0.954097688 0.221271515 0.016558986 0.999853790 -0.004259317 -0.990330338 -0.953954458 0.017074529 0.299465150 87.003135681
0.268643171 0.006689612 0.963216543 0.592710495 0.005702638 0.999947309 -0.008535188 -1.003749013 -0.963222861 0.007785794 0.268590868 87.102966309
0.240153238 0.011548558 0.970666349 0.969005585 0.000483793 0.999927819 -0.012016392 -1.016679883 -0.970735013 0.003355376 0.240130261 87.191184998
0.214426607 0.013206343 0.976650834 1.360204697 0.001905794 0.999900937 -0.013939156 -1.029066086 -0.976738334 0.004850221 0.214380190 87.256446838
0.190842867 0.014671931 0.981510937 1.770120621 0.009057084 0.999819338 -0.016706653 -1.036647797 -0.981578946 0.012077972 0.190675452 87.314476013
0.170998648 0.020536132 0.985057235 2.183122635 0.016077692 0.999591470 -0.023630101 -1.038283706 -0.985140085 0.019878164 0.170598567 87.355186462
0.151108295 0.027721375 0.988128424 2.607826233 0.018459897 0.999353230 -0.030859232 -1.030286074 -0.988344967 0.022903834 0.150498807 87.410713196
0.133451283 0.028315783 0.990650713 3.046524048 0.016171828 0.999396443 -0.030744275 -1.042594910 -0.990923464 0.020123497 0.132912785 87.465644836
0.118311554 0.024183605 0.992682040 3.507027626 0.013992887 0.999563515 -0.026018975 -1.063604116 -0.992878020 0.016968837 0.117921494 87.513519287
0.103656672 0.020859772 0.994394362 3.975297928 0.013850908 0.999652803 -0.022413911 -1.083119512 -0.994516730 0.016096616 0.103331752 87.557533264
0.090414762 0.018484572 0.995732605 4.461325169 0.016945139 0.999654531 -0.020096034 -1.095469952 -0.995759904 0.018689809 0.090070277 87.592185974
0.078828178 0.017813215 0.996729016 4.955850601 0.020631887 0.999596953 -0.019496182 -1.107432246 -0.996674597 0.022101251 0.078428887 87.617340088
0.068529412 0.018500464 0.997477472 5.466912746 0.023627779 0.999517500 -0.020161593 -1.120886683 -0.997369230 0.024949837 0.068059191 87.646026611
0.060642276 0.019005008 0.997978568 6.003098965 0.025879068 0.999452651 -0.020605622 -1.130445719 -0.997823954 0.027076326 0.060117245 87.671371460
0.055130493 0.019021818 0.998297870 6.548508644 0.027314853 0.999415576 -0.020551564 -1.148907185 -0.998105466 0.028401379 0.054578695 87.697677612
0.049785029 0.020157570 0.998556495 7.106937885 0.028704206 0.999354362 -0.021604784 -1.160710573 -0.998347342 0.029738365 0.049174279 87.717666626
0.043912347 0.020822419 0.998818338 7.695108414 0.028833751 0.999339879 -0.022100948 -1.178815246 -0.998619139 0.029770182 0.043282975 87.741218567
0.038868017 0.020793406 0.999027967 8.296437263 0.031142080 0.999272704 -0.022010105 -1.192590714 -0.998758912 0.031967305 0.038192198 87.766525269
0.036138710 0.020901518 0.999128163 8.917451859 0.032419957 0.999230564 -0.022076299 -1.206597805 -0.998820841 0.033189502 0.035433270 87.782424927
0.033200994 0.020264104 0.999243140 9.557829857 0.033533506 0.999208927 -0.021377595 -1.225868940 -0.998885989 0.034217890 0.032495201 87.797363281
0.030711427 0.019662807 0.999334812 10.214441299 0.035684884 0.999147475 -0.020755785 -1.243201256 -0.998891056 0.036298592 0.029983578 87.814949036
0.030162467 0.019320220 0.999358296 10.889591217 0.040057972 0.998986483 -0.020522060 -1.258782029 -0.998741984 0.040651262 0.029357968 87.828262329
0.031317104 0.018923439 0.999330401 11.579004288 0.043732595 0.998837292 -0.020284601 -1.274626732 -0.998552322 0.044338565 0.030453121 87.844047546
0.033550221 0.018633364 0.999263346 12.286828041 0.045476831 0.998762012 -0.020150900 -1.295581341 -0.998401821 0.046119399 0.032661308 87.871414185
0.037413426 0.018659949 0.999125659 13.010116577 0.047962375 0.998639703 -0.020446884 -1.314405918 -0.998148203 0.048685424 0.036467560 87.894027710
0.041816760 0.018058976 0.998962164 13.753659248 0.048565883 0.998617887 -0.020085733 -1.333591461 -0.997944176 0.049355391 0.040881909 87.925918579
0.045966841 0.016476918 0.998807073 14.508478165 0.050172813 0.998563766 -0.018781947 -1.350781679 -0.997682154 0.050976310 0.045074131 87.958602905
0.049501147 0.015061250 0.998660445 15.272521019 0.049201112 0.998635471 -0.017499648 -1.370056272 -0.997561455 0.050001454 0.048692569 88.008361816
0.053870115 0.012998326 0.998463333 16.066837311 0.046675973 0.998789489 -0.015520877 -1.384188652 -0.997456551 0.047440358 0.053198185 88.051795959
0.057459619 0.012071002 0.998274803 16.859558105 0.045821011 0.998841286 -0.014715256 -1.400673032 -0.997295737 0.046587497 0.056839921 88.113105774
0.061735652 0.012800725 0.998010457 17.666065216 0.043419469 0.998936713 -0.015498479 -1.421134830 -0.997147679 0.044289894 0.061114203 88.169960022
0.065030612 0.016853468 0.997740984 18.465299606 0.040777579 0.998977304 -0.019532146 -1.446990967 -0.997049749 0.041955639 0.064276852 88.214874268
0.066472322 0.022242982 0.997540414 19.266696930 0.034914680 0.999087393 -0.024604060 -1.468899131 -0.997177243 0.036464281 0.065635040 88.278404236
0.066217251 0.025275346 0.997485101 20.073253632 0.032078527 0.999108434 -0.027445991 -1.494104385 -0.997289538 0.033815242 0.065347411 88.339668274
0.066366620 0.025106551 0.997479439 20.899991989 0.029689230 0.999190927 -0.027124984 -1.520843744 -0.997353435 0.031414576 0.065567531 88.405876160
0.066441357 0.023300737 0.997518301 21.711706161 0.026737617 0.999326587 -0.025123883 -1.551526546 -0.997431993 0.028340522 0.065773614 88.467391968
0.066437818 0.021970307 0.997548699 22.535120010 0.027869895 0.999326527 -0.023865633 -1.583458900 -0.997401237 0.029387154 0.065780774 88.522972107
0.066374160 0.021011444 0.997573495 23.353431702 0.025497518 0.999415994 -0.022746744 -1.619285107 -0.997468889 0.026945448 0.065799668 88.590759277
0.066674732 0.021349421 0.997546315 24.168558121 0.023754798 0.999453664 -0.022977982 -1.648651481 -0.997491896 0.025228560 0.066131167 88.649452209
0.066300213 0.022113957 0.997554660 24.982280731 0.020786308 0.999506772 -0.023538744 -1.677115917 -0.997583151 0.022296103 0.065807834 88.719306946
0.065342732 0.023296762 0.997590899 25.787771225 0.018225743 0.999532759 -0.024535911 -1.707799673 -0.997696340 0.019785080 0.064887598 88.770568848
0.062358432 0.023011379 0.997788548 26.601833344 0.015109943 0.999597788 -0.023997432 -1.735865355 -0.997939348 0.016572969 0.061985645 88.831794739
0.058275096 0.021925891 0.998059809 27.416479111 0.012567733 0.999663353 -0.022694934 -1.764014482 -0.998221338 0.013865900 0.057979923 88.889846802
0.053705297 0.019372268 0.998368919 28.234073639 0.010709019 0.999743104 -0.019975008 -1.793403864 -0.998499393 0.011764316 0.053484049 88.934890747
0.047846697 0.017180284 0.998706996 29.047233582 0.008551029 0.999808371 -0.017608905 -1.821497679 -0.998818040 0.009382500 0.047690623 88.974426270
0.040607750 0.017629240 0.999019563 29.860454559 0.008169317 0.999805093 -0.017975163 -1.845568895 -0.999141812 0.008891239 0.040455814 89.006317139
0.031665914 0.018301688 0.999330938 30.651792526 0.007499001 0.999799848 -0.018547896 -1.875424385 -0.999470353 0.008081320 0.031522330 89.031707764
0.021382397 0.018979644 0.999591172 31.452846527 0.007870115 0.999785602 -0.019151682 -1.895443201 -0.999740422 0.008276407 0.021228438 89.051788330
0.011088569 0.017841151 0.999779344 32.255134583 0.009762499 0.999791265 -0.017949637 -1.923063517 -0.999890924 0.009959380 0.010912076 89.061241150
0.000415602 0.017005540 0.999855340 33.048828125 0.008655351 0.999817848 -0.017008498 -1.945982814 -0.999962449 0.008661168 0.000268338 89.058647156
-0.010732966 0.016507985 0.999806106 33.836593628 0.009940788 0.999816060 -0.016401434 -1.967689872 -0.999892950 0.009762825 -0.010895095 89.048164368
-0.021694986 0.016678786 0.999625504 34.619079590 0.010457142 0.999809921 -0.016454913 -1.993673086 -0.999709964 0.010096237 -0.021865275 89.029029846
-0.032795779 0.017286086 0.999312460 35.399024963 0.010600627 0.999800205 -0.016946625 -2.016204357 -0.999405921 0.010037562 -0.032972466 89.002746582
-0.043173734 0.018251868 0.998900950 36.173797607 0.009979625 0.999791205 -0.017836798 -2.042346954 -0.999017715 0.009198578 -0.043346863 88.963348389
-0.053532545 0.019414840 0.998377323 36.937191010 0.010599099 0.999765694 -0.018873515 -2.063848495 -0.998509884 0.009571555 -0.053725772 88.922325134
-0.062581167 0.019926066 0.997840941 37.696315765 0.011965271 0.999743760 -0.019213641 -2.093956232 -0.997968137 0.010737025 -0.062803552 88.859954834
-0.072773762 0.020634085 0.997134984 38.456962585 0.012459107 0.999726832 -0.019778416 -2.113448620 -0.997270763 0.010984062 -0.073010936 88.815734863
-0.082191832 0.021086341 0.996393383 39.197952271 0.013081471 0.999712825 -0.020077508 -2.137993097 -0.996530652 0.011384088 -0.082444057 88.755271912
-0.090737730 0.020427592 0.995665312 39.928455353 0.014384736 0.999712110 -0.019199703 -2.161597252 -0.995771050 0.012580245 -0.091005445 88.682556152
-0.098074980 0.019336617 0.994991124 40.652778625 0.015921779 0.999713600 -0.017859012 -2.186351538 -0.995051682 0.014090507 -0.098354757 88.607734680
-0.103113294 0.017610861 0.994513750 41.404129028 0.019087518 0.999694109 -0.015723562 -2.216658592 -0.994486392 0.017361488 -0.103417903 88.520744324
-0.106322743 0.016318860 0.994197786 42.110038757 0.022599742 0.999646664 -0.013991412 -2.234342575 -0.994074762 0.020981006 -0.106653973 88.430030823
-0.109514922 0.015080277 0.993870735 42.824916840 0.023528345 0.999644041 -0.012575282 -2.256446838 -0.993706644 0.022006951 -0.109830767 88.359443665
-0.111393064 0.013995053 0.993677855 43.510028839 0.023471935 0.999659002 -0.011448044 -2.278843403 -0.993499160 0.022048311 -0.111683562 88.285667419
-0.112243131 0.014536016 0.993574381 44.179519653 0.024523448 0.999628961 -0.011854203 -2.298531532 -0.993378103 0.023035320 -0.112557940 88.209999084
-0.111113019 0.015300400 0.993689954 44.832206726 0.024863640 0.999611259 -0.012611355 -2.319619894 -0.993496656 0.023305461 -0.111450255 88.135177612
-0.107789643 0.017223477 0.994024456 45.449741364 0.026264023 0.999550283 -0.014471215 -2.336977005 -0.993826747 0.024547232 -0.108193509 88.064048767
-0.103163622 0.017692268 0.994507015 46.078994751 0.026594130 0.999533355 -0.015022987 -2.355803251 -0.994308770 0.024898229 -0.103586011 88.009513855
-0.095072895 0.018640870 0.995295644 46.677024841 0.026097089 0.999527633 -0.016227275 -2.370952845 -0.995128155 0.024431543 -0.095514461 87.955978394
-0.083880380 0.018398974 0.996305883 47.259002686 0.024835778 0.999557436 -0.016368061 -2.395213842 -0.996166229 0.023371076 -0.084300220 87.916740417
-0.070261881 0.018459417 0.997357786 47.810180664 0.024210747 0.999565661 -0.016794687 -2.418840408 -0.997234643 0.022966752 -0.070678286 87.886917114
-0.053300530 0.019694885 0.998384297 48.357406616 0.022579122 0.999573588 -0.018512920 -2.444848537 -0.998323202 0.021555891 -0.053722497 87.873863220
-0.031847179 0.022365093 0.999242544 48.892150879 0.020759063 0.999548733 -0.021710332 -2.463346004 -0.999277234 0.020051925 -0.032297093 87.872940063
-0.007424675 0.025476597 0.999647796 49.416183472 0.018845124 0.999501348 -0.025332894 -2.483971596 -0.999794841 0.018650398 -0.007901084 87.890548706
0.020801246 0.026916239 0.999421239 49.924648285 0.017073499 0.999482095 -0.027273238 -2.509556770 -0.999637902 0.017630931 0.020330928 87.919860840
0.054404974 0.026274398 0.998173118 50.442527771 0.014792984 0.999522686 -0.027116211 -2.532284021 -0.998409331 0.016241215 0.053990334 87.960838318
0.092701487 0.024065824 0.995403051 50.940757751 0.014168812 0.999574661 -0.025486222 -2.548326492 -0.995593131 0.016466288 0.092321090 88.025268555
0.134773090 0.020210322 0.990670323 51.443714142 0.012629248 0.999675572 -0.022112146 -2.565255404 -0.990795910 0.015491546 0.134474173 88.119293213
0.179891601 0.016021628 0.983555973 51.923896790 0.009379522 0.999793947 -0.018001642 -2.588958979 -0.983641744 0.012463630 0.179704234 88.235694885
0.228759840 0.012573127 0.973401725 52.408325195 0.005185592 0.999886632 -0.014133898 -2.606992483 -0.973469019 0.008280931 0.228668720 88.377174377
0.279991955 0.011249975 0.959936500 52.897125244 0.001658317 0.999924183 -0.012202303 -2.620370865 -0.960000932 0.005008426 0.279952109 88.546730042
0.335605294 0.011158356 0.941936612 53.351608276 0.001051452 0.999924779 -0.012219919 -2.631345749 -0.942002177 0.005091472 0.335568309 88.732650757
0.393963128 0.011431701 0.919055283 53.795204163 0.003867994 0.999893188 -0.014095265 -2.643704414 -0.919118106 0.009107915 0.393876851 88.945846558
0.451077104 0.015649134 0.892347753 54.192047119 0.004725979 0.999790370 -0.019922312 -2.650574446 -0.892472446 0.013203718 0.450908601 89.216018677
0.510782897 0.018635629 0.859507799 54.589279175 0.006544385 0.999651790 -0.025563356 -2.666027308 -0.859684825 0.018682275 0.510483027 89.487960815
0.570023239 0.023581879 0.821290016 54.962348938 0.002667911 0.999529600 -0.030551400 -2.668853521 -0.821624160 0.019606134 0.569692194 89.773574829
0.625308156 0.025674216 0.779955506 55.305866241 -0.001265771 0.999490738 -0.031885982 -2.694260836 -0.780376852 0.018951319 0.625022113 90.107109070
0.676859736 0.027406367 0.735601723 55.606254578 -0.003412426 0.999412775 -0.034095280 -2.704257965 -0.736104131 0.020567536 0.676555753 90.456237793
0.727033198 0.024827052 0.686153412 55.920455933 -0.003304514 0.999460995 -0.032662068 -2.726660252 -0.686594367 0.021479001 0.726723373 90.811103821
0.771888077 0.021380857 0.635398984 56.177955627 -0.005708794 0.999627113 -0.026701875 -2.747856140 -0.635732830 0.016983492 0.771722257 91.195243835
0.811839342 0.019035891 0.583570659 56.406745911 -0.007168173 0.999718070 -0.022638429 -2.729284525 -0.583837032 0.014195626 0.811746836 91.622955322
0.849065125 0.014756531 0.528082013 56.625953674 -0.008081354 0.999855638 -0.014946172 -2.754806995 -0.528226316 0.008422653 0.849061847 92.018928528
0.880301118 0.011531506 0.474275172 56.813289642 -0.008774039 0.999929190 -0.008026760 -2.761672020 -0.474334210 0.002904656 0.880340099 92.451950073
0.905687153 0.012743267 0.423755080 56.973735809 -0.012841329 0.999914110 -0.002624026 -2.773427725 -0.423752099 -0.003065033 0.905773103 92.893852234
0.925654113 0.014166914 0.378105402 57.097778320 -0.015922628 0.999872029 0.001517423 -2.792250633 -0.378035426 -0.007425042 0.925761402 93.313079834
0.940657377 0.020580016 0.338733107 57.208625793 -0.023402328 0.999717057 0.004249292 -2.804460526 -0.338549852 -0.011924276 0.940872967 93.745979309
0.952432394 0.025226135 0.303703904 57.313861847 -0.027432200 0.999619186 0.002998955 -2.805188894 -0.303512573 -0.011187569 0.952761710 94.206703186
0.961737573 0.026283698 0.272708833 57.439598083 -0.028269541 0.999594629 0.003354609 -2.802409649 -0.272510141 -0.010935608 0.962090731 94.678840637
0.967817366 0.021461800 0.250737190 57.552925110 -0.022983961 0.999730885 0.003143738 -2.805220604 -0.250602186 -0.008805498 0.968050063 95.148849487
0.971749425 0.018428616 0.235294595 57.656364441 -0.019989401 0.999791145 0.004249662 -2.817164898 -0.235167176 -0.008833006 0.971914768 95.639396667
0.974562466 0.023091570 0.222923830 57.746826172 -0.024496505 0.999693632 0.003538777 -2.813929319 -0.222773835 -0.008909614 0.974829435 96.134696960
0.976641774 0.028280569 0.213005394 57.843589783 -0.029902579 0.999543190 0.004396413 -2.817378283 -0.212783754 -0.010663131 0.977041125 96.629791260
0.977640986 0.036548577 0.207080871 57.933704376 -0.038001671 0.999273002 0.003042188 -2.819801807 -0.206819117 -0.010843586 0.978319049 97.144569397
0.978018463 0.042235076 0.204196572 58.026359558 -0.043089733 0.999071181 -0.000261003 -2.824961185 -0.204017937 -0.008543512 0.978929818 97.656440735
0.978051364 0.043652721 0.203739941 58.125377655 -0.044043440 0.999026120 -0.002618339 -2.835839033 -0.203655824 -0.006412540 0.979021490 98.181221008
0.977844298 0.040865693 0.205306023 58.266719818 -0.040344834 0.999163210 -0.006724253 -2.834963799 -0.205409035 -0.001707767 0.978674650 98.703041077
0.977076530 0.039806154 0.209133625 58.388023376 -0.037870958 0.999194860 -0.013251193 -2.840647697 -0.209492669 0.005027338 0.977797151 99.251190186
0.976226628 0.039849516 0.213057250 58.513164520 -0.036847226 0.999158084 -0.018045414 -2.844600916 -0.213596955 0.009765844 0.976872921 99.802825928
0.974997699 0.044834431 0.217645243 58.631038666 -0.042083710 0.998965025 -0.017259773 -2.862378120 -0.218193784 0.007668917 0.975875199 100.387115479
0.973514497 0.047933027 0.223544225 58.757678986 -0.046035789 0.998846054 -0.013693918 -2.867499352 -0.223942623 0.003040191 0.974597454 100.983291626
0.972628593 0.044999078 0.227966696 58.908313751 -0.044142414 0.998985946 -0.008857768 -2.884947300 -0.228134111 -0.001447683 0.973628640 101.565269470
0.971936345 0.040878586 0.231664985 59.060020447 -0.041243948 0.999143660 -0.003268057 -2.895825863 -0.231600195 -0.006378435 0.972790182 102.179016113
0.971113265 0.038266730 0.235530913 59.213455200 -0.039771453 0.999207497 0.001639583 -2.905350208 -0.235281512 -0.010959627 0.971865475 102.807624817
0.970591009 0.033155311 0.238440469 59.372116089 -0.034683462 0.999395847 0.002215114 -2.912424564 -0.238222972 -0.010419911 0.971154571 103.435218811
0.970543921 0.029936925 0.239057198 59.525413513 -0.030569835 0.999532044 -0.001060635 -2.917844534 -0.238977075 -0.006278547 0.971004844 104.081077576
0.970784724 0.029416494 0.238142207 59.701538086 -0.028303800 0.999566674 -0.008091156 -2.922959328 -0.238277018 0.001114441 0.971196592 104.728302002
0.970938504 0.031664297 0.237225249 59.857467651 -0.028949387 0.999469459 -0.014920104 -2.930760622 -0.237571806 0.007618978 0.971340060 105.387413025
0.971474349 0.034499839 0.234621793 60.012672424 -0.030980706 0.999345541 -0.018669637 -2.938834429 -0.235112339 0.010868327 0.971907496 106.069923401
0.972079277 0.033076253 0.232309684 60.174804688 -0.030562934 0.999428868 -0.014410819 -2.945004225 -0.232653707 0.006908393 0.972535133 106.759536743
0.972523391 0.028846098 0.231011137 60.339385986 -0.028125063 0.999583781 -0.006414441 -2.964034557 -0.231100053 -0.000259011 0.972929955 107.443450928
0.973114789 0.029377494 0.228439599 60.504966736 -0.030029969 0.999548793 -0.000620027 -2.975854874 -0.228354752 -0.006256677 0.973557889 108.164405823
0.973389208 0.032576688 0.226830944 60.658332825 -0.033228092 0.999447286 -0.000947011 -2.992329836 -0.226736456 -0.006615352 0.973933697 108.888664246
0.973716497 0.038171668 0.224541575 60.819633484 -0.037790567 0.999267638 -0.005996277 -2.994622707 -0.224606007 -0.002646879 0.974446237 109.617835999
0.974611640 0.039198354 0.220444143 60.985973358 -0.037600938 0.999227285 -0.011439463 -3.001228333 -0.220722198 0.002860130 0.975332618 110.360786438
0.975517869 0.037361436 0.216723397 61.146575928 -0.035130415 0.999282658 -0.014139169 -3.016761303 -0.217096195 0.006179429 0.976130724 111.114776611
0.976436734 0.035346601 0.212889925 61.311534882 -0.033421524 0.999361455 -0.012635792 -3.029839516 -0.213200599 0.005222945 0.976994634 111.886283875
0.977311254 0.031644691 0.209430844 61.478176117 -0.030058034 0.999490261 -0.010755368 -3.042414188 -0.209664434 0.004216264 0.977764308 112.666603088
0.977661014 0.030713949 0.207931191 61.640361786 -0.029761948 0.999527276 -0.007706032 -3.061772823 -0.208069593 0.001345450 0.978113115 113.446411133
0.978014052 0.027229991 0.206753314 61.809188843 -0.026690830 0.999629140 -0.005397160 -3.070789337 -0.206823632 -0.000239920 0.978378236 114.249320984
0.978208303 0.022375358 0.206416443 61.977252960 -0.022002190 0.999749362 -0.004103469 -3.082683325 -0.206456557 -0.000527567 0.978455663 115.044990540
0.978339255 0.023044115 0.205721244 62.148639679 -0.022994159 0.999732077 -0.002633920 -3.093332767 -0.205726832 -0.002153521 0.978607059 115.854858398
0.978101552 0.028369522 0.206185758 62.309120178 -0.027989937 0.999596894 -0.004758245 -3.100926399 -0.206237659 -0.001117080 0.978501260 116.676361084
0.977808893 0.034277380 0.206675842 62.467849731 -0.033305347 0.999411762 -0.008181653 -3.109292030 -0.206834733 0.001116681 0.978375256 117.481452942
0.977308631 0.042752035 0.207461268 62.633556366 -0.041659955 0.999085367 -0.009632174 -3.123274565 -0.207683325 0.000770778 0.978195727 118.311164856
0.976376057 0.048895888 0.210473850 62.794792175 -0.048102591 0.998802900 -0.008890139 -3.141215801 -0.210656598 -0.001444221 0.977559030 119.130012512
0.975636244 0.050979842 0.213388920 62.965103149 -0.050664462 0.998691499 -0.006950003 -3.156350374 -0.213464037 -0.004030559 0.976942599 119.969306946
0.975130081 0.051337216 0.215605319 63.148666382 -0.050882764 0.998675168 -0.007661632 -3.172858715 -0.215713024 -0.003499505 0.976450562 120.802886963
0.974677145 0.050196689 0.217909589 63.325263977 -0.049054693 0.998739302 -0.010650791 -3.183524609 -0.218169510 -0.000308405 0.975910842 121.642913818
0.974691987 0.043946132 0.219189897 63.519500732 -0.042955309 0.999033868 -0.009286324 -3.202361822 -0.219386205 -0.000364064 0.975638032 122.479698181
0.974970877 0.037093062 0.219216406 63.718463898 -0.035626270 0.999308527 -0.010641709 -3.225442886 -0.219459549 0.002565495 0.975618243 123.310836792
0.974750161 0.036000565 0.220377564 63.905784607 -0.034501530 0.999347866 -0.010648662 -3.243856907 -0.220617205 0.002776423 0.975356519 124.149536133
0.974161148 0.038609702 0.222529486 64.088333130 -0.037819427 0.999254048 -0.007813295 -3.260124922 -0.222665146 -0.000804528 0.974894643 124.986679077
0.973699570 0.041172601 0.224084675 64.269325256 -0.041789040 0.999124527 -0.001992915 -3.277356386 -0.223970518 -0.007423781 0.974567652 125.841567993
0.973429084 0.044427980 0.224637538 64.456428528 -0.046048887 0.998937190 0.001979006 -3.290993214 -0.224310875 -0.012270730 0.974440396 126.664817810
0.973153710 0.043796614 0.225951225 64.642028809 -0.043958552 0.999023914 -0.004317102 -3.309263706 -0.225919783 -0.005731280 0.974129140 127.491287231
0.973411322 0.039290372 0.225669324 64.834396362 -0.035978153 0.999176204 -0.018772857 -3.327347040 -0.226221025 0.010154548 0.974023104 128.303863525
